 iter   |   grad     |   value    |      M       |    e_min     |   time     |      x[0]    x[1]    x[2]    x[3]    x[4]    x[5]    x[6]    x[7]    x[8]    x[9]   x[10]   x[11]   x[12]   x[13]   x[14]   x[15]   x[16]   x[17]   x[18]   x[19]   x[20]   x[21]   x[22]   x[23]   x[24]   x[25]   x[26]   x[27]   x[28]   x[29]  | 
     0  | 1.819e+04  | 3.861e+04  |     0.00022  |     0.32691  | +0.000000  | [220.000 220.000 220.000 220.000 220.000 220.000 220.000 220.000 220.000 220.000 220.000 220.000 220.000 220.000 220.000   0.000   0.000   0.000   0.000   0.000   0.000   0.000   0.000   0.000   0.000   0.000   0.000   0.000   0.000   0.000]  | 
     1  | 3.606e+03  | 1.325e+04  |     0.00022  |     0.22281  | +0.005000  | [193.245 192.919 189.097 186.691 190.758 183.529 193.204 183.678 182.600 184.207 183.618 188.177 182.809 189.876 185.469 -35.636 -35.823 -41.144 -53.310 -37.525 -52.392 -35.507 -50.207 -51.662 -49.317 -51.563 -39.810 -53.166 -39.812 -51.339]  | 
     2  | 1.059e+03  | 8.146e+03  |     0.00022  |     0.14494  | +0.006000  | [163.243 162.780 153.913 139.936 159.242 137.295 163.304 139.577 136.978 140.987 138.186 154.509 135.711 155.969 140.551 -44.931 -45.156 -51.837 -67.274 -47.288 -65.913 -44.751 -63.175 -64.929 -62.064 -64.849 -50.193 -66.815 -50.151 -64.786]  | 
     3  | 3.950e+02  | 7.067e+03  |     0.00022  |     0.12127  | +0.005000  | [144.626 144.074 132.068 111.737 139.681 108.864 144.732 112.236 108.671 114.190 110.187 133.566 106.683 134.906 113.151 -46.171 -46.407 -53.006 -68.024 -48.667 -66.514 -45.967 -63.926 -65.539 -62.862 -65.491 -51.686 -67.301 -51.348 -65.652]  | 
     4  | 8.281e+01  | 6.936e+03  |     0.00022  |     0.11251  | +0.005000  | [137.406 136.811 123.642 101.632 132.048  98.297 137.520 101.874  97.941 104.020  99.721 125.343  95.842 126.758 103.125 -45.822 -46.062 -52.382 -66.633 -48.363 -65.003 -45.605 -62.598 -64.042 -61.608 -64.047 -51.376 -65.662 -50.804 -64.405]  | 
     5  | 3.892e+00  | 6.931e+03  |     0.00022  |     0.11002  | +0.005000  | [136.009 135.405 122.015  99.746 130.567  96.293 136.124  99.887  95.879 102.070  97.732 123.749  93.773 125.182 101.249 -45.711 -45.951 -52.198 -66.260 -48.260 -64.590 -45.490 -62.228 -63.625 -61.258 -63.652 -51.268 -65.212 -50.640 -64.069]  | 
     6  | 9.225e-03  | 6.931e+03  |     0.00022  |     0.10990  | +0.004000  | [135.943 135.339 121.939  99.656 130.498  96.198 136.058  99.792  95.781 101.977  97.637 123.674  93.674 125.107 101.160 -45.705 -45.945 -52.189 -66.241 -48.255 -64.569 -45.484 -62.210 -63.605 -61.240 -63.633 -51.263 -65.189 -50.632 -64.052]  | 
     7  | 5.247e-08  | 6.931e+03  |     0.00022  |     0.10989  | +0.003000  | [135.943 135.339 121.938  99.655 130.498  96.197 136.058  99.792  95.781 101.976  97.636 123.674  93.674 125.107 101.160 -45.705 -45.945 -52.189 -66.241 -48.255 -64.569 -45.484 -62.210 -63.605 -61.240 -63.633 -51.263 -65.189 -50.632 -64.052]  | 
     8  | 5.247e-08  | 6.931e+03  |     0.00022  |     0.10989  | +0.002000  | [135.943 135.339 121.938  99.655 130.498  96.197 136.058  99.792  95.781 101.976  97.636 123.674  93.674 125.107 101.160 -45.705 -45.945 -52.189 -66.241 -48.255 -64.569 -45.484 -62.210 -63.605 -61.240 -63.633 -51.263 -65.189 -50.632 -64.052]  | 




x optimal:                   [1.35943127879e+02 1.35338583490e+02 1.21938344527e+02 9.96553428821e+01 1.30497785444e+02 9.61974165457e+01 1.36057703380e+02 9.97919957919e+01 9.57806939142e+01 1.01976484949e+02 9.76364417217e+01 1.23673943210e+02 9.36739249102e+01 1.25107095282e+02 1.01160020090e+02 -4.57051945653e+01 -4.59449987420e+01 -5.21885668795e+01 -6.62414372495e+01 -4.82549527646e+01 -6.45693737765e+01 -4.54838869243e+01 -6.22097389672e+01 -6.36046746130e+01 -6.12401226353e+01 -6.36325786710e+01 -5.12630737874e+01 -6.51894222009e+01 -5.06321968042e+01 -6.40521373354e+01]
S degree:                    [  9.26585376+16.88953278j   9.39658817+16.99473924j  13.25610645+20.83404867j  24.21492122+26.20952537j  10.59906727+17.84256479j  25.02767255+27.99847677j   9.20216828+16.89183156j  22.69118704+27.33260794j  24.78546817+28.47557437j  21.57059356+26.7510777j   24.11231137+27.72478092j  12.50850355+19.24130084j  26.30666376+28.80223678j  12.21802243+19.8820123j   22.89720165+26.17288028j]
eigen vals, hessian(x_opt):  [3.59349247131e+04 3.63044803830e+04 2.16738563471e+04 2.19281218100e+04 1.38852719215e+04 1.40541340266e+04 2.05228450125e+03 2.08317455471e+03 1.65428453655e+03 1.71557684108e+03 1.00924787741e+03 1.05210128592e+03 5.56696286258e+02 5.88262206022e+02 2.18259192359e+02 1.98604554988e+02 1.63493830163e+02 1.57489812640e+02 1.43393112138e+02 1.26250126041e+02 3.42771221254e+01 2.74937426302e+01 2.23360031016e+01 1.98779485402e+01 8.67953355622e+00 8.03408569859e+00 4.93397284020e+00 2.91345267872e+00 1.09894889002e-01 3.37306302901e-01]
e_min:                       0.109894889002
total_time:                  0.0699999332428
