 iter   |   grad     |   value    |      M       |    e_min     |   time     |      x[0]    x[1]    x[2]    x[3]  | 
     0  | 6.833e+03  | 2.629e+05  |     0.30000  |   -30.49950  | +0.000000  | [110.000 110.000   0.000   0.000]  | 
        |            |            |     0.60000  |              |            |                                    | 
        |            |            |     1.20000  |              |            |                                    | 
        |            |            |     2.40000  |              |            |                                    | 
     1  | 1.166e+04  | 1.573e+05  |     1.20000  |   -22.54982  | +0.008000  | [180.915 115.361 -32.034   6.009]  | 
        |            |            |     2.40000  |              |            |                                    | 
     2  | 2.230e+03  | 5.981e+04  |     1.20000  |   -13.15200  | +0.002000  | [159.817 107.397 -10.855  26.886]  | 
        |            |            |     2.40000  |              |            |                                    | 
     3  | 9.903e+02  | 2.184e+04  |     1.20000  |    13.00436  | +0.005000  | [164.091 134.529 -16.917   9.722]  | 
        |            |            |     2.40000  |              |            |                                    | 
     4  | 4.932e+02  | 5.507e+03  |     1.20000  |    16.29562  | +0.002000  | [168.650 145.689 -28.374  -5.280]  | 
        |            |            |     2.40000  |              |            |                                    | 
     5  | 1.926e+02  | 1.007e+03  |     1.20000  |    16.83967  | +0.002000  | [168.744 148.384 -36.918 -15.228]  | 
        |            |            |     2.40000  |              |            |                                    | 
     6  | 6.263e+01  | 1.148e+02  |     1.20000  |    16.36847  | +0.002000  | [167.404 147.885 -41.682 -20.388]  | 
        |            |            |     2.40000  |              |            |                                    | 
     7  | 1.206e+01  | 4.288e+00  |     1.20000  |    15.97840  | +0.003000  | [166.512 147.210 -43.653 -22.418]  | 
        |            |            |     2.40000  |              |            |                                    | 
     8  | 6.445e-01  | 1.217e-02  |     1.20000  |    15.87103  | +0.002000  | [166.278 147.010 -44.093 -22.859]  | 
        |            |            |     2.40000  |              |            |                                    | 
     9  | 2.044e-03  | 1.218e-07  |     1.20000  |    15.86465  | +0.002000  | [166.265 146.998 -44.117 -22.883]  | 
        |            |            |     2.40000  |              |            |                                    | 
    10  | 2.061e-08  | 1.236e-17  |     1.20000  |    15.86463  | +0.003000  | [166.265 146.998 -44.117 -22.883]  | 
        |            |            |     2.40000  |              |            |                                    | 
    11  | 5.222e-12  | 4.154e-26  |     1.20000  |    15.86463  | +0.004000  | [166.265 146.998 -44.117 -22.883]  | 




x optimal:                   [1.66264775727e+02 1.46998198468e+02 -4.41172105023e+01 -2.28830191350e+01]
S degree:                    [ -1.70530257e-13 +0.00000000e+00j   6.39488462e-14 +1.95399252e-13j]
eigen vals, hessian(x_opt):  [4.53661500042e+02 2.52889784209e+02 4.76672700738e+01 1.58646280483e+01]
e_min:                       15.8646280483
total_time:                  0.0490000247955
