0.015626 0.015624 0.015625 5.743156 

0.078346 0.062512 0.078125 268.793560 

0.062500 0.046083 0.052069 539.876812 

0.046875 0.046876 0.046875 810.977167 

0.051669 0.037339 0.046863 1082.081771 

0.031250 0.046875 0.046887 1353.188071 

0.035759 0.026697 0.062501 1624.295216 

0.046875 0.039125 0.031262 1895.402844 

0.049740 0.036305 0.031250 2166.510775 

0.046875 0.031250 0.031250 2437.618906 

0.031250 0.046056 0.023689 2708.727178 

0.046875 0.031263 0.031250 2979.835552 

0.031250 0.046863 0.039845 3250.944003 

0.031250 0.015637 0.046875 3522.052513 

0.031250 0.031250 0.031238 3793.161070 

0.038761 0.023059 0.031262 4064.269663 

0.031251 0.031250 0.031250 4335.378287 

0.031250 0.031250 0.049448 4606.486935 

0.027703 0.020772 0.046875 4877.595604 

0.031250 0.031250 0.031261 5148.704291 

0.031250 0.042127 0.031262 5419.812992 

0.031250 0.031251 0.031250 5690.921706 

0.031250 0.031252 0.042726 5962.030430 

0.018088 0.031263 0.031249 6233.139165 

0.031239 0.031250 0.031250 6504.247907 

0.031262 0.031250 0.031889 6775.356657 

0.015637 0.031250 0.031250 7046.465414 

0.031250 0.031250 0.031250 7317.574176 

0.031238 0.035798 0.027701 7588.682944 

0.031238 0.015637 0.038387 7859.791716 

0.031251 0.031250 0.031250 8130.900492 

0.033648 0.020064 0.031262 8402.009272 

0.031250 0.031250 0.031250 8673.118055 

0.031250 0.031250 0.031251 8944.226841 

0.031320 0.015637 0.031250 9215.335630 

0.031250 0.031250 0.031249 9486.444422 

0.031251 0.031250 0.042676 9757.553216 

0.019687 0.036468 0.031250 10028.662013 

0.031250 0.031251 0.031251 10299.770811 

0.031249 0.032994 0.024708 10570.879611 

0.031250 0.031250 0.031250 10841.988413 

0.031238 0.031264 0.031249 11113.097216 

0.037663 0.024690 0.031250 11384.206021 

0.031250 0.031250 0.031263 11655.314828 

0.015625 0.031250 0.031238 11926.423635 

0.031323 0.015625 0.046875 12197.532444 

0.015625 0.031250 0.031250 12468.641254 

0.031250 0.015625 0.031262 12739.750064 

0.031244 0.031250 0.031262 13010.858876 

