0.015621 0.027104 0.016004 5.743156 

0.018726 0.031250 0.031263 271.169659 

0.031250 0.031250 0.046875 542.248083 

0.042232 0.034698 0.036412 813.346780 

0.109375 0.120332 0.046875 1084.450545 

0.078126 0.108932 0.109377 1355.556337 

0.093760 0.094494 0.125001 1626.663144 

0.124194 0.148833 0.180012 1897.770530 

0.087536 0.083603 0.140626 2168.878278 

0.192652 0.229586 0.171647 2439.986267 

0.192755 0.198580 0.273156 2711.094425 

0.148506 0.186886 0.213684 2982.202707 

0.150095 0.193870 0.222534 3253.311080 

0.633574 0.790078 0.248301 3524.419524 

0.767338 0.435713 0.515935 3795.528024 

0.531351 0.626211 0.809809 4066.636569 

2.610905 0.553588 1.962136 4337.745150 

4.167391 5.365006 6.155566 4608.853760 

0.467946 0.547013 0.731914 4879.962396 

1.064764 1.250228 0.577704 5151.071052 

0.531990 0.609138 0.817387 5422.179726 

0.495552 0.599498 0.806062 5693.288416 

1.422455 6.891460 1.108639 5964.397118 

0.687634 0.811888 0.656074 6235.505832 

0.670029 0.798475 1.750029 6506.614556 

1.328154 1.656218 2.172574 6777.723289 

1.297779 1.639653 2.140744 7048.832030 

0.456270 0.548210 2.099492 7319.940777 

0.698282 0.856241 1.480455 7591.049531 

0.906585 1.129792 1.148874 7862.158290 

0.497236 0.646286 2.031821 8133.267055 

0.863238 1.120717 0.733799 8404.375824 

0.625425 0.796865 1.421652 8675.484596 

0.638006 0.783522 1.474232 8946.593373 

2.248445 1.917450 0.999953 9217.702153 

0.342059 0.391992 0.921850 9488.810936 

0.521752 0.634373 1.281031 9759.919722 

0.599538 1.080760 1.273768 10031.028511 

0.609301 0.780587 1.281022 10302.137302 

0.423869 0.529420 1.390954 10573.246095 

0.920539 1.173436 1.129923 10844.354890 

0.838173 1.047512 0.999702 11115.463687 

0.584032 1.118854 1.383936 11386.572486 

0.584717 0.743952 1.005718 11657.681287 

0.843537 1.015835 1.367427 11928.790089 

0.821311 1.023376 1.395539 12199.898892 

0.689373 0.905300 1.130435 12471.007697 

0.712982 0.911169 1.308659 12742.116503 

0.566208 0.714116 1.202774 13013.225311 

