0.015626 0.015625 0.015625 5.743156 

0.046875 0.046863 0.050604 271.169659 

0.021692 0.031262 0.039480 542.248083 

0.031262 0.031250 0.031251 813.346780 

0.031250 0.036087 0.018731 1084.450545 

0.031250 0.015625 0.031250 1355.556337 

0.031250 0.031250 0.015613 1626.663144 

0.031263 0.034110 0.012064 1897.770530 

0.031262 0.031249 0.015625 2168.878278 

0.031250 0.015614 0.031250 2439.986267 

0.015625 0.031250 0.015625 2711.094425 

0.031057 0.031339 0.020726 2982.202707 

0.015623 0.031250 0.015614 3253.311080 

0.031262 0.015624 0.031251 3524.419524 

0.015626 0.038986 0.019714 3795.528024 

0.015626 0.031251 0.015624 4066.636569 

0.031238 0.031262 0.015625 4337.745150 

0.031250 0.055694 0.021726 4608.853760 

0.015626 0.031250 0.015625 4879.962396 

0.044590 0.031248 0.015625 5151.071052 

0.031251 0.015625 0.032976 5422.179726 

0.015637 0.015625 0.031250 5693.288416 

0.015625 0.015625 0.031250 5964.397118 

0.015614 0.031261 0.015613 6235.505832 

0.015638 0.034674 0.012077 6506.614556 

0.015625 0.031250 0.015625 6777.723289 

0.030724 0.016679 0.015625 7048.832030 

0.031239 0.015636 0.015613 7319.940777 

0.035339 0.022018 0.005082 7591.049531 

0.031263 0.015624 0.015625 7862.158290 

0.031250 0.015625 0.031250 8133.267055 

0.015625 0.015625 0.031250 8404.375824 

0.015625 0.031169 0.015637 8675.484596 

0.015625 0.031251 0.015625 8946.593373 

0.015625 0.031250 0.015625 9217.702153 

0.029806 0.017310 0.015637 9488.810936 

0.033833 0.022017 0.019005 9759.919722 

0.024005 0.028007 0.019017 10031.028511 

0.023995 0.020260 0.015625 10302.137302 

0.031250 0.015625 0.028009 10573.246095 

0.014082 0.031262 0.015625 10844.354890 

0.015614 0.031250 0.015625 11115.463687 

0.015638 0.031237 0.015625 11386.572486 

0.015638 0.031250 0.024048 11657.681287 

0.022746 0.015625 0.015627 11928.790089 

0.031248 0.015625 0.031250 12199.898892 

0.015625 0.015625 0.031250 12471.007697 

0.015626 0.032084 0.060956 12742.116503 

0.015626 0.031251 0.015624 13013.225311 

