0.015614 0.015625 0.015625 5.743156 

0.116385 0.133032 0.148324 273.525117 

0.062500 0.062500 0.077684 544.609030 

0.052183 0.062488 0.078125 815.709508 

1.307580 0.209973 0.060447 1086.814155 

0.046888 0.046863 0.062513 1357.920474 

0.045660 0.043322 0.046873 1629.027630 

0.046863 0.046875 0.066254 1900.135265 

0.231357 0.266468 0.044320 2171.243199 

0.049984 0.036296 0.046875 2442.351334 

0.046875 0.038055 0.046875 2713.459608 

0.031251 0.031249 0.062500 2984.567984 

0.031250 0.047754 0.046888 3255.676436 

0.046863 0.031262 0.046875 3526.784947 

0.050819 0.026727 0.052068 3797.893504 

0.046874 0.078114 0.073470 4069.002098 

0.062512 0.093751 0.108614 4340.110722 

0.109376 0.116220 0.128295 4611.219371 

0.082285 0.112482 0.109446 4882.328040 

0.190888 0.215187 0.062501 5153.436727 

0.056237 0.051579 0.067717 5424.545428 

0.046864 0.046875 0.063298 5695.654142 

0.040355 0.062500 0.078125 5966.762867 

0.051307 0.052355 0.046875 6237.871602 

0.062500 0.046875 0.068167 6508.980345 

0.109375 0.126754 0.059962 6780.089095 

0.055238 0.068029 0.064175 7051.197851 

0.047379 0.062489 0.062514 7322.306614 

0.062499 0.047962 0.078125 7593.415381 

0.046875 0.065975 0.062472 7864.524153 

0.062501 0.046875 0.089524 8135.632929 

0.054326 0.046875 0.080372 8406.741709 

0.046875 0.067361 0.072174 8677.850493 

0.062501 0.078658 0.068594 8948.959279 

0.046888 0.062499 0.077320 9220.068068 

0.062512 0.055167 0.078125 9491.176860 

0.069357 0.070631 0.078114 9762.285654 

0.101630 0.109365 0.103055 10033.394451 

0.069584 0.067915 0.133050 10304.503249 

0.078126 0.078137 0.094556 10575.612049 

0.062501 0.078125 0.106545 10846.720851 

0.063589 0.062501 0.093749 11117.829655 

0.062614 0.071727 0.112761 11388.938459 

0.051359 0.046875 0.078126 11660.047266 

0.082874 0.080981 0.046873 11931.156073 

0.031250 0.031250 0.057350 12202.264882 

0.026716 0.036486 0.046875 12473.373692 

0.062489 0.046875 0.072331 12744.482503 

0.046887 0.062489 0.062500 13015.591315 

