



S =  [  0.782   4.013  -6.451  -6.451  -5.594  -4.303  10.770  -3.494  -1.864  59.427  -0.395  -3.818  -0.170  -3.159  14.523]
     0  | 1.548e+17  | 1.908e+19  |     0.30000  | 349863137705.82953  | +0.000000  | [220.000 220.000 220.000 220.000 220.000 220.000 220.000 220.000 220.000 220.000 220.000 220.000 220.000 220.000 220.000   0.000   0.000   0.000   0.000   0.000   0.000   0.000   0.000   0.000   0.000   0.000   0.000   0.000   0.000   0.000]  | 
     1  | 4.585e+16  | 3.770e+18  |     0.30000  | 155494727881.93506  | +0.008000  | [146.667 146.667 146.667 146.667 146.667 146.667 146.667 146.667 146.667 146.667 146.667 146.667 146.667 146.667 146.667  -0.000  -0.000   0.000   0.000  -0.000   0.000  -0.000   0.000  -0.000  -0.000   0.000  -0.000  -0.000  -0.000  -0.000]  | 
     2  | 1.359e+16  | 7.447e+17  |     0.30000  | 69108767955.99651  | +0.007000  | [ 97.778  97.778  97.778  97.778  97.778  97.778  97.778  97.778  97.778  97.778  97.778  97.778  97.778  97.778  97.778  -0.000  -0.000   0.000   0.000  -0.000   0.000  -0.000   0.000  -0.000  -0.000   0.000  -0.000  -0.000  -0.000  -0.000]  | 
     3  | 4.025e+15  | 1.471e+17  |     0.30000  | 30715007986.10752  | +0.011000  | [ 65.185  65.185  65.185  65.185  65.185  65.185  65.185  65.185  65.185  65.185  65.185  65.185  65.185  65.185  65.185  -0.000  -0.000   0.000   0.000  -0.000   0.000  -0.000   0.000  -0.000  -0.000   0.000  -0.000  -0.000  -0.000  -0.000]  | 
     4  | 1.193e+15  | 2.906e+16  |     0.30000  | 13651114664.28681  | +0.008000  | [ 43.457  43.457  43.457  43.457  43.457  43.457  43.457  43.457  43.457  43.457  43.457  43.457  43.457  43.457  43.457  -0.000  -0.000   0.000   0.000  -0.000   0.000  -0.000   0.000  -0.000  -0.000   0.000  -0.000  -0.000  -0.000  -0.000]  | 
     5  | 3.534e+14  | 5.739e+15  |     0.30000  | 6067162075.56422  | +0.008000  | [ 28.971  28.971  28.971  28.971  28.971  28.971  28.971  28.971  28.971  28.971  28.971  28.971  28.971  28.971  28.971  -0.000  -0.000   0.000   0.000  -0.000   0.000  -0.000   0.000  -0.000  -0.000   0.000  -0.000  -0.000  -0.000  -0.000]  | 
     6  | 1.047e+14  | 1.134e+15  |     0.30000  | 2696516479.74526  | +0.007000  | [ 19.314  19.314  19.314  19.314  19.314  19.314  19.314  19.314  19.314  19.314  19.314  19.314  19.314  19.314  19.314  -0.000  -0.000   0.000   0.000  -0.000   0.000  -0.000   0.000  -0.000  -0.000   0.000  -0.000  -0.000  -0.000  -0.000]  | 
     7  | 3.103e+13  | 2.239e+14  |     0.30000  | 1198451769.93830  | +0.007000  | [ 12.876  12.876  12.876  12.876  12.876  12.876  12.876  12.876  12.876  12.876  12.876  12.876  12.876  12.876  12.876  -0.000  -0.000   0.000   0.000  -0.000   0.000  -0.000   0.000  -0.000  -0.000   0.000  -0.000  -0.000  -0.000  -0.000]  | 
     8  | 9.193e+12  | 4.424e+13  |     0.30000  | 532645231.87692  | +0.006000  | [  8.584   8.584   8.584   8.584   8.584   8.584   8.584   8.584   8.584   8.584   8.584   8.584   8.584   8.584   8.584  -0.000  -0.000   0.000   0.000  -0.000   0.000  -0.000   0.000  -0.000  -0.000   0.000  -0.000  -0.000   0.000  -0.000]  | 
     9  | 2.724e+12  | 8.738e+12  |     0.30000  | 236731214.71449  | +0.007000  | [  5.723   5.723   5.723   5.723   5.723   5.723   5.723   5.723   5.723   5.723   5.723   5.723   5.723   5.723   5.723   0.000  -0.000   0.000   0.000   0.000   0.000  -0.000   0.000  -0.000  -0.000   0.000   0.000  -0.000   0.000  -0.000]  | 
    10  | 8.070e+11  | 1.726e+12  |     0.30000  | 105213873.58923  | +0.006000  | [  3.815   3.815   3.815   3.815   3.815   3.815   3.815   3.815   3.815   3.815   3.815   3.815   3.815   3.815   3.815   0.000   0.000   0.000   0.000   0.000   0.000  -0.000   0.000  -0.000  -0.000   0.000   0.000  -0.000   0.000  -0.000]  | 
    11  | 2.391e+11  | 3.409e+11  |     0.30000  | 46761721.86855  | +0.006000  | [  2.543   2.543   2.543   2.543   2.543   2.543   2.543   2.543   2.543   2.543   2.543   2.543   2.543   2.543   2.543   0.000   0.000   0.000   0.000   0.000   0.000  -0.000   0.000  -0.000  -0.000   0.000   0.000  -0.000   0.000  -0.000]  | 
    12  | 7.085e+10  | 6.735e+10  |     0.30000  | 20782987.69751  | +0.006000  | [  1.696   1.696   1.696   1.696   1.696   1.696   1.696   1.696   1.696   1.696   1.696   1.696   1.696   1.696   1.696   0.000   0.000   0.000   0.000   0.000   0.000  -0.000   0.000  -0.000  -0.000   0.000   0.000  -0.000   0.000  -0.000]  | 
    13  | 2.099e+10  | 1.330e+10  |     0.30000  | 9236883.57284  | +0.006000  | [  1.130   1.130   1.130   1.130   1.130   1.130   1.130   1.130   1.130   1.130   1.130   1.130   1.130   1.130   1.130   0.000   0.000   0.000   0.000   0.000   0.000  -0.000   0.000  -0.000  -0.000   0.000   0.000  -0.000   0.000  -0.000]  | 
    14  | 6.220e+09  | 2.628e+09  |     0.30000  | 4105281.70723  | +0.005000  | [  0.754   0.754   0.754   0.754   0.754   0.754   0.754   0.754   0.754   0.754   0.754   0.754   0.754   0.754   0.754   0.000   0.000   0.000   0.000   0.000   0.000  -0.000   0.000  -0.000  -0.000   0.000   0.000  -0.000   0.000  -0.000]  | 
    15  | 1.843e+09  | 5.191e+08  |     0.30000  | 1824569.74533  | +0.005000  | [  0.502   0.502   0.502   0.502   0.502   0.502   0.502   0.502   0.502   0.502   0.502   0.502   0.502   0.502   0.502   0.000   0.000   0.000   0.000   0.000   0.000  -0.000   0.000  -0.000  -0.000   0.000   0.000  -0.000   0.000  -0.000]  | 
    16  | 5.461e+08  | 1.025e+08  |     0.30000  | 810919.97008  | +0.006000  | [  0.335   0.335   0.335   0.335   0.335   0.335   0.335   0.335   0.335   0.335   0.335   0.335   0.335   0.335   0.335   0.000   0.000   0.000   0.000   0.000   0.000  -0.000   0.000  -0.000  -0.000   0.000   0.000  -0.000   0.000  -0.000]  | 
    17  | 1.618e+08  | 2.025e+07  |     0.30000  | 360408.94925  | +0.006000  | [  0.223   0.223   0.223   0.223   0.223   0.223   0.223   0.223   0.223   0.223   0.223   0.223   0.223   0.223   0.223   0.000   0.000   0.000   0.000   0.000   0.000  -0.000   0.000  -0.000  -0.000   0.000   0.000  -0.000   0.000  -0.000]  | 
    18  | 4.794e+07  | 4.003e+06  |     0.30000  | 160181.82247  | +0.006000  | [  0.149   0.149   0.149   0.149   0.149   0.149   0.149   0.149   0.149   0.149   0.149   0.149   0.149   0.149   0.149   0.000   0.000   0.000   0.000   0.000   0.000  -0.000   0.000  -0.000  -0.000   0.000   0.000  -0.000   0.000  -0.000]  | 
    19  | 1.420e+07  | 7.923e+05  |     0.30000  | 71191.98408  | +0.006000  | [  0.099   0.099   0.099   0.099   0.099   0.099   0.099   0.099   0.099   0.099   0.099   0.099   0.099   0.099   0.099   0.000   0.000   0.000   0.000   0.000   0.000  -0.000   0.000  -0.000  -0.000   0.000   0.000  -0.000   0.000  -0.000]  | 
    20  | 4.209e+06  | 1.581e+05  |     0.30000  | 31640.94195  | +0.005000  | [  0.066   0.066   0.066   0.066   0.066   0.066   0.066   0.066   0.066   0.066   0.066   0.066   0.066   0.066   0.066   0.000   0.000   0.000   0.000   0.000   0.000  -0.000   0.000  -0.000  -0.000   0.000   0.000  -0.000   0.000  -0.000]  | 
    21  | 1.247e+06  | 3.286e+04  |     0.30000  | 14062.69910  | +0.004000  | [  0.044   0.044   0.044   0.044   0.044   0.044   0.044   0.044   0.044   0.044   0.044   0.044   0.044   0.044   0.044   0.000   0.000   0.000   0.000   0.000   0.000  -0.000   0.000  -0.000  -0.000   0.000   0.000  -0.000   0.000  -0.000]  | 
    22  | 3.695e+05  | 8.115e+03  |     0.30000  |  6250.14547  | +0.005000  | [  0.029   0.029   0.029   0.029   0.029   0.029   0.029   0.029   0.029   0.029   0.029   0.029   0.029   0.029   0.029   0.000   0.000   0.000   0.000   0.000   0.000  -0.000   0.000  -0.000  -0.000   0.000   0.000  -0.000   0.000  -0.000]  | 
    23  | 1.095e+05  | 3.227e+03  |     0.30000  |  2777.89858  | +0.005000  | [  0.020   0.020   0.020   0.020   0.020   0.020   0.020   0.020   0.020   0.020   0.020   0.020   0.020   0.020   0.020   0.000   0.000   0.000   0.000   0.000   0.000  -0.000   0.000  -0.000  -0.000   0.000   0.000  -0.000   0.000  -0.000]  | 
    24  | 3.243e+04  | 2.262e+03  |     0.30000  |  1234.67721  | +0.005000  | [  0.013   0.013   0.013   0.013   0.013   0.013   0.013   0.013   0.013   0.013   0.013   0.013   0.013   0.013   0.013   0.000   0.000   0.000   0.000   0.000   0.000  -0.000   0.000  -0.000  -0.000   0.000   0.000  -0.000   0.000  -0.000]  | 
    25  | 9.607e+03  | 2.071e+03  |     0.30000  |   548.80073  | +0.004000  | [  0.009   0.009   0.009   0.009   0.009   0.009   0.009   0.009   0.009   0.009   0.009   0.009   0.009   0.009   0.009   0.000   0.000   0.000   0.000   0.000   0.000  -0.000   0.000  -0.000  -0.000   0.000   0.000  -0.000   0.000  -0.000]  | 
    26  | 2.844e+03  | 2.034e+03  |     0.30000  |   243.96665  | +0.004000  | [  0.006   0.006   0.006   0.006   0.006   0.006   0.006   0.006   0.006   0.006   0.006   0.006   0.006   0.006   0.006   0.000   0.000   0.000   0.000   0.000   0.000  -0.000   0.000  -0.000  -0.000   0.000   0.000  -0.000   0.000  -0.000]  | 
    27  | 8.420e+02  | 2.026e+03  |     0.30000  |   108.48501  | +0.005000  | [  0.004   0.004   0.004   0.004   0.004   0.004   0.004   0.004   0.004   0.004   0.004   0.004   0.004   0.004   0.004   0.000   0.000   0.000   0.000   0.000   0.000  -0.000   0.000  -0.000  -0.000   0.000   0.000  -0.000   0.000  -0.000]  | 
    28  | 2.553e+02  | 2.025e+03  |     0.30000  |    48.27162  | +0.005000  | [  0.003   0.003   0.003   0.003   0.003   0.003   0.003   0.003   0.003   0.003   0.003   0.003   0.003   0.003   0.003   0.000   0.000   0.000   0.000   0.000   0.000  -0.001   0.000  -0.000  -0.000   0.000   0.000  -0.000   0.000  -0.000]  | 
    29  | 8.836e+01  | 2.024e+03  |     0.30000  |    21.51177  | +0.004000  | [  0.002   0.002   0.002   0.002   0.002   0.002   0.002   0.002   0.002   0.002   0.002   0.002   0.002   0.002   0.002   0.000   0.000   0.000   0.000   0.000   0.000  -0.002   0.000  -0.000  -0.000   0.000   0.000  -0.000   0.000  -0.000]  | 
    30  | 3.052e+01  | 2.024e+03  |     0.30000  |     9.62232  | +0.004000  | [  0.001   0.001   0.001   0.001   0.001   0.001   0.001   0.001   0.001   0.001   0.001   0.001   0.001   0.001   0.001   0.000   0.000   0.000   0.000   0.000   0.000  -0.002   0.000  -0.000  -0.000   0.000   0.000  -0.000   0.000  -0.000]  | 
    31  | 5.212e+00  | 2.024e+03  |     0.30000  |     4.34659  | +0.004000  | [  0.001   0.001   0.001   0.001   0.001   0.001   0.000   0.001   0.001   0.001   0.001   0.001   0.001   0.001   0.001   0.000  -0.000   0.000   0.000   0.000   0.000  -0.002   0.000  -0.000  -0.000   0.000   0.000  -0.000  -0.000  -0.000]  | 
    32  | 1.198e+00  | 2.024e+03  |     0.30000  |     2.01982  | +0.004000  | [  0.001   0.001   0.001   0.001   0.001   0.001   0.000   0.001   0.001   0.001   0.001   0.001   0.001   0.001   0.001  -0.000  -0.000   0.000   0.000   0.000   0.000  -0.002   0.000  -0.000  -0.000   0.000   0.000  -0.000  -0.000  -0.000]  | 
    33  | 3.530e-01  | 2.024e+03  |     0.30000  |     1.01958  | +0.004000  | [  0.000   0.000   0.000   0.000   0.000   0.000   0.000   0.000   0.000   0.000   0.000   0.000   0.000   0.000   0.000  -0.000  -0.000   0.000   0.000   0.000   0.000  -0.002   0.000  -0.000  -0.000   0.000   0.000  -0.000  -0.000  -0.000]  | 
    34  | 1.032e-01  | 2.024e+03  |     0.30000  |     0.57131  | +0.004000  | [  0.000   0.000   0.000   0.000   0.000   0.000   0.000   0.000   0.000   0.000   0.000   0.000   0.000   0.000   0.000  -0.000  -0.000   0.000   0.000   0.000   0.000  -0.002   0.000  -0.000  -0.000   0.000   0.000  -0.000  -0.000  -0.000]  | 
    35  | 2.926e-02  | 2.024e+03  |     0.30000  |     0.26476  | +0.004000  | [  0.000   0.000   0.000   0.000   0.000   0.000   0.000   0.000   0.000   0.000   0.000   0.000   0.000   0.000   0.000  -0.000  -0.000   0.000   0.000   0.000   0.000  -0.002   0.000  -0.000  -0.000   0.000   0.000  -0.000   0.000  -0.000]  | 
    36  | 7.618e-03  | 2.024e+03  |     0.30000  |     0.17199  | +0.003000  | [  0.000   0.000   0.000   0.000   0.000   0.000   0.000   0.000   0.000   0.000   0.000   0.000   0.000   0.000   0.000  -0.000  -0.000   0.000   0.000   0.000   0.000  -0.002   0.000  -0.000  -0.000   0.000   0.000  -0.000   0.000  -0.000]  | 
    37  | 1.653e-03  | 2.024e+03  |     0.30000  |     0.10642  | +0.002000  | [  0.000   0.000   0.000   0.000   0.000   0.000   0.000   0.000   0.000   0.000   0.000   0.000   0.000   0.000   0.000  -0.000  -0.000   0.000   0.000   0.000   0.000  -0.002   0.000  -0.000  -0.000   0.000   0.000  -0.000   0.000  -0.000]  | 
    38  | 3.512e-04  | 2.024e+03  |     0.30000  |     0.05214  | +0.002000  | [  0.000   0.000   0.000   0.000   0.000   0.000   0.000   0.000   0.000   0.000   0.000   0.000   0.000   0.000   0.000  -0.000  -0.000   0.000   0.000   0.000   0.000  -0.002   0.000  -0.000  -0.000   0.000   0.000  -0.000   0.000  -0.000]  | 
    39  | 3.302e-04  | 2.024e+03  |     0.30000  |     0.03080  | +0.002000  | [  0.000   0.000   0.000   0.000   0.000   0.000   0.000   0.000   0.000   0.000   0.000   0.000   0.000   0.000   0.000  -0.000  -0.000   0.000   0.000   0.000   0.000  -0.002   0.000  -0.000  -0.000   0.000   0.000  -0.000   0.000  -0.000]  | 
    40  | 1.160e-04  | 2.024e+03  |     0.30000  |     0.01704  | +0.002000  | [  0.000   0.000   0.000   0.000   0.000   0.000   0.000   0.000   0.000   0.000   0.000   0.000   0.000   0.000   0.000  -0.000  -0.000   0.000   0.000   0.000   0.000  -0.002   0.000  -0.000  -0.000   0.000   0.000  -0.000   0.000  -0.000]  | 
    41  | 4.165e-04  | 2.024e+03  |     0.30000  |     0.02398  | +0.002000  | [  0.000   0.000  -0.000   0.000   0.000   0.000   0.000   0.000   0.000   0.000   0.000   0.000   0.000   0.000   0.000  -0.000  -0.000   0.000   0.000   0.000   0.000  -0.002   0.000  -0.000  -0.000   0.000   0.000  -0.000   0.000  -0.000]  | 
    42  | 5.798e-05  | 2.024e+03  |     0.30000  |     0.01536  | +0.001000  | [  0.000   0.000  -0.000   0.000   0.000   0.000   0.000   0.000   0.000   0.000   0.000   0.000   0.000   0.000   0.000  -0.000  -0.000   0.000   0.000   0.000   0.000  -0.002   0.000  -0.000   0.000   0.000   0.000  -0.000   0.000  -0.000]  | 
        |            |            |     0.60000  |              |            |                                                                                                                                                                                                                                                    | 
        |            |            |     1.20000  |              |            |                                                                                                                                                                                                                                                    | 
        |            |            |     2.40000  |              |            |                                                                                                                                                                                                                                                    | 
        |            |            |     4.80000  |              |            |                                                                                                                                                                                                                                                    | 
        |            |            |     9.60000  |              |            |                                                                                                                                                                                                                                                    | 
        |            |            |    19.20000  |              |            |                                                                                                                                                                                                                                                    | 
        |            |            |    38.40000  |              |            |                                                                                                                                                                                                                                                    | 
        |            |            |    76.80000  |              |            |                                                                                                                                                                                                                                                    | 
        |            |            |   153.60000  |              |            |                                                                                                                                                                                                                                                    | 
        |            |            |   307.20000  |              |            |                                                                                                                                                                                                                                                    | 
        |            |            |   614.40000  |              |            |                                                                                                                                                                                                                                                    | 
        |            |            |  1228.80000  |              |            |                                                                                                                                                                                                                                                    | 
        |            |            |  2457.60000  |              |            |                                                                                                                                                                                                                                                    | 
        |            |            |  4915.20000  |              |            |                                                                                                                                                                                                                                                    | 
        |            |            |  9830.40000  |              |            |                                                                                                                                                                                                                                                    | 
        |            |            | 19660.80000  |              |            |                                                                                                                                                                                                                                                    | 
        |            |            |     0.09000  |              |            |                                                                                                                                                                                                                                                    | 
        |            |            |     0.18000  |              |            |                                                                                                                                                                                                                                                    | 
        |            |            |     0.36000  |              |            |                                                                                                                                                                                                                                                    | 
        |            |            |     0.72000  |              |            |                                                                                                                                                                                                                                                    | 
        |            |            |     1.44000  |              |            |                                                                                                                                                                                                                                                    | 
        |            |            |     2.88000  |              |            |                                                                                                                                                                                                                                                    | 
        |            |            |     5.76000  |              |            |                                                                                                                                                                                                                                                    | 
        |            |            |    11.52000  |              |            |                                                                                                                                                                                                                                                    | 
        |            |            |    23.04000  |              |            |                                                                                                                                                                                                                                                    | 
        |            |            |    46.08000  |              |            |                                                                                                                                                                                                                                                    | 
        |            |            |    92.16000  |              |            |                                                                                                                                                                                                                                                    | 
        |            |            |   184.32000  |              |            |                                                                                                                                                                                                                                                    | 
        |            |            |   368.64000  |              |            |                                                                                                                                                                                                                                                    | 
        |            |            |   737.28000  |              |            |                                                                                                                                                                                                                                                    | 
        |            |            |  1474.56000  |              |            |                                                                                                                                                                                                                                                    | 
        |            |            |  2949.12000  |              |            |                                                                                                                                                                                                                                                    | 
        |            |            |  5898.24000  |              |            |                                                                                                                                                                                                                                                    | 
        |            |            | 11796.48000  |              |            |                                                                                                                                                                                                                                                    | 
        |            |            |     0.02700  |              |            |                                                                                                                                                                                                                                                    | 
        |            |            |     0.05400  |              |            |                                                                                                                                                                                                                                                    | 
        |            |            |     0.10800  |              |            |                                                                                                                                                                                                                                                    | 
        |            |            |     0.21600  |              |            |                                                                                                                                                                                                                                                    | 
        |            |            |     0.43200  |              |            |                                                                                                                                                                                                                                                    | 
        |            |            |     0.86400  |              |            |                                                                                                                                                                                                                                                    | 
        |            |            |     1.72800  |              |            |                                                                                                                                                                                                                                                    | 
        |            |            |     3.45600  |              |            |                                                                                                                                                                                                                                                    | 
        |            |            |     6.91200  |              |            |                                                                                                                                                                                                                                                    | 
        |            |            |    13.82400  |              |            |                                                                                                                                                                                                                                                    | 
        |            |            |    27.64800  |              |            |                                                                                                                                                                                                                                                    | 
        |            |            |    55.29600  |              |            |                                                                                                                                                                                                                                                    | 
        |            |            |   110.59200  |              |            |                                                                                                                                                                                                                                                    | 
        |            |            |   221.18400  |              |            |                                                                                                                                                                                                                                                    | 
        |            |            |   442.36800  |              |            |                                                                                                                                                                                                                                                    | 
        |            |            |   884.73600  |              |            |                                                                                                                                                                                                                                                    | 
        |            |            |  1769.47200  |              |            |                                                                                                                                                                                                                                                    | 
        |            |            |  3538.94400  |              |            |                                                                                                                                                                                                                                                    | 
        |            |            |  7077.88800  |              |            |                                                                                                                                                                                                                                                    | 
        |            |            | 14155.77600  |              |            |                                                                                                                                                                                                                                                    | 
        |            |            |     0.00810  |              |            |                                                                                                                                                                                                                                                    | 
        |            |            |     0.01620  |              |            |                                                                                                                                                                                                                                                    | 
        |            |            |     0.03240  |              |            |                                                                                                                                                                                                                                                    | 
        |            |            |     0.06480  |              |            |                                                                                                                                                                                                                                                    | 
        |            |            |     0.12960  |              |            |                                                                                                                                                                                                                                                    | 
        |            |            |     0.25920  |              |            |                                                                                                                                                                                                                                                    | 
        |            |            |     0.51840  |              |            |                                                                                                                                                                                                                                                    | 
        |            |            |     1.03680  |              |            |                                                                                                                                                                                                                                                    | 
        |            |            |     2.07360  |              |            |                                                                                                                                                                                                                                                    | 
        |            |            |     4.14720  |              |            |                                                                                                                                                                                                                                                    | 
        |            |            |     8.29440  |              |            |                                                                                                                                                                                                                                                    | 
        |            |            |    16.58880  |              |            |                                                                                                                                                                                                                                                    | 
        |            |            |    33.17760  |              |            |                                                                                                                                                                                                                                                    | 
        |            |            |    66.35520  |              |            |                                                                                                                                                                                                                                                    | 
        |            |            |   132.71040  |              |            |                                                                                                                                                                                                                                                    | 
        |            |            |   265.42080  |              |            |                                                                                                                                                                                                                                                    | 
        |            |            |   530.84160  |              |            |                                                                                                                                                                                                                                                    | 
        |            |            |  1061.68320  |              |            |                                                                                                                                                                                                                                                    | 
        |            |            |  2123.36640  |              |            |                                                                                                                                                                                                                                                    | 
        |            |            |  4246.73280  |              |            |                                                                                                                                                                                                                                                    | 
        |            |            |  8493.46560  |              |            |                                                                                                                                                                                                                                                    | 
        |            |            | 16986.93120  |              |            |                                                                                                                                                                                                                                                    | 
        |            |            |     0.00243  |              |            |                                                                                                                                                                                                                                                    | 
        |            |            |     0.00486  |              |            |                                                                                                                                                                                                                                                    | 
        |            |            |     0.00972  |              |            |                                                                                                                                                                                                                                                    | 
        |            |            |     0.01944  |              |            |                                                                                                                                                                                                                                                    | 
        |            |            |     0.03888  |              |            |                                                                                                                                                                                                                                                    | 
        |            |            |     0.07776  |              |            |                                                                                                                                                                                                                                                    | 
        |            |            |     0.15552  |              |            |                                                                                                                                                                                                                                                    | 
        |            |            |     0.31104  |              |            |                                                                                                                                                                                                                                                    | 
        |            |            |     0.62208  |              |            |                                                                                                                                                                                                                                                    | 
        |            |            |     1.24416  |              |            |                                                                                                                                                                                                                                                    | 
        |            |            |     2.48832  |              |            |                                                                                                                                                                                                                                                    | 
        |            |            |     4.97664  |              |            |                                                                                                                                                                                                                                                    | 
        |            |            |     9.95328  |              |            |                                                                                                                                                                                                                                                    | 
        |            |            |    19.90656  |              |            |                                                                                                                                                                                                                                                    | 
        |            |            |    39.81312  |              |            |                                                                                                                                                                                                                                                    | 
        |            |            |    79.62624  |              |            |                                                                                                                                                                                                                                                    | 
        |            |            |   159.25248  |              |            |                                                                                                                                                                                                                                                    | 
        |            |            |   318.50496  |              |            |                                                                                                                                                                                                                                                    | 
        |            |            |   637.00992  |              |            |                                                                                                                                                                                                                                                    | 
        |            |            |  1274.01984  |              |            |                                                                                                                                                                                                                                                    | 
        |            |            |  2548.03968  |              |            |                                                                                                                                                                                                                                                    | 
        |            |            |  5096.07936  |              |            |                                                                                                                                                                                                                                                    | 
        |            |            | 10192.15872  |              |            |                                                                                                                                                                                                                                                    | 
        |            |            |     0.00073  |              |            |                                                                                                                                                                                                                                                    | 
        |            |            |     0.00146  |              |            |                                                                                                                                                                                                                                                    | 
        |            |            |     0.00292  |              |            |                                                                                                                                                                                                                                                    | 
        |            |            |     0.00583  |              |            |                                                                                                                                                                                                                                                    | 
        |            |            |     0.01166  |              |            |                                                                                                                                                                                                                                                    | 
        |            |            |     0.02333  |              |            |                                                                                                                                                                                                                                                    | 
        |            |            |     0.04666  |              |            |                                                                                                                                                                                                                                                    | 
        |            |            |     0.09331  |              |            |                                                                                                                                                                                                                                                    | 
        |            |            |     0.18662  |              |            |                                                                                                                                                                                                                                                    | 
        |            |            |     0.37325  |              |            |                                                                                                                                                                                                                                                    | 
        |            |            |     0.74650  |              |            |                                                                                                                                                                                                                                                    | 
        |            |            |     1.49299  |              |            |                                                                                                                                                                                                                                                    | 
        |            |            |     2.98598  |              |            |                                                                                                                                                                                                                                                    | 
        |            |            |     5.97197  |              |            |                                                                                                                                                                                                                                                    | 
        |            |            |    11.94394  |              |            |                                                                                                                                                                                                                                                    | 
        |            |            |    23.88787  |              |            |                                                                                                                                                                                                                                                    | 
        |            |            |    47.77574  |              |            |                                                                                                                                                                                                                                                    | 
        |            |            |    95.55149  |              |            |                                                                                                                                                                                                                                                    | 
        |            |            |   191.10298  |              |            |                                                                                                                                                                                                                                                    | 
        |            |            |   382.20595  |              |            |                                                                                                                                                                                                                                                    | 
        |            |            |   764.41190  |              |            |                                                                                                                                                                                                                                                    | 
        |            |            |  1528.82381  |              |            |                                                                                                                                                                                                                                                    | 
        |            |            |  3057.64762  |              |            |                                                                                                                                                                                                                                                    | 
        |            |            |  6115.29523  |              |            |                                                                                                                                                                                                                                                    | 
        |            |            | 12230.59046  |              |            |                                                                                                                                                                                                                                                    | 
    43  | 5.798e-05  | 2.024e+03  |     0.00022  |     0.01536  | +4.510000  | [  0.000   0.000  -0.000   0.000   0.000   0.000   0.000   0.000   0.000   0.000   0.000   0.000   0.000   0.000   0.000  -0.000  -0.000   0.000   0.000   0.000   0.000  -0.002   0.000  -0.000   0.000   0.000   0.000  -0.000   0.000  -0.000]  | 


x optimal:                   [1.79839245661e-04 1.56352448888e-04 -4.60255215027e-06 3.56610095462e-05 3.31135815509e-04 1.58903686367e-05 3.03103664053e-04 1.00664846677e-05 2.93349777054e-05 8.36810098629e-05 2.23947490718e-05 4.36863085080e-04 4.28481140412e-05 1.01144987828e-04 1.35266332444e-04 -7.52195630044e-06 -3.33722307348e-05 5.53296113042e-05 1.16703375759e-04 3.51916193098e-05 4.63705272350e-05 -2.06603181484e-03 8.17467615667e-05 -2.58988884770e-05 3.02002104612e-06 1.26838400524e-04 3.29623571157e-05 -2.62423780701e-05 7.07657225089e-06 -6.55563790823e-07]
S degree:                    [  0.78203011 -7.71432361e-04j   4.01271209 -6.08613583e-04j  -6.45068000 -1.34126672e-04j  -6.45086000 -3.64980432e-05j  -5.59355995 -6.68012065e-04j  -4.30349000 -3.28127244e-05j  10.74962730 -3.28301894e-01j  -3.49422000 -3.09688086e-04j  -1.86383000 -2.89563319e-05j  59.42730000 -2.86105866e-04j  -0.39498000 -1.38044644e-04j  -3.81817997 -4.56991739e-04j  -0.16991000 -3.41173333e-05j  -3.15908996 -5.61215010e-04j  14.52273000 -3.47854719e-05j]
eigen vals, hessian(x_opt):  [1.48777689750e+05 4.95335350229e+04 1.83107875568e+02 1.10297243472e+02 1.08554515943e+02 8.74266046317e+01 6.06242265015e+01 5.69732292917e+01 5.76602635958e+01 3.68283170685e+01 3.31093847494e+01 2.94640924261e+01 2.39815002703e+01 1.16760195606e+01 7.88500739266e+00 6.48271235807e+00 6.69263565705e+00 4.97251155034e+00 3.22245668826e+00 2.95699523990e+00 2.13046309805e+00 2.10030478877e+00 1.26760585563e+00 9.48322158281e-01 1.53576462599e-02 1.65047764664e-01 5.90601027983e-01 3.05437635905e-01 5.40437200302e-01 4.22352633083e-01]
e_min:                       0.0153576462599
total_time:                  5.70599985123
