



S =  [  0.782   4.013  -6.451  -6.451  -5.594  -4.303  10.770  -3.494  -1.864  59.427  -0.395  -3.818  -0.170  -3.159  14.523]
     0  | 1.673e+04  | 3.519e+03  |     0.10000  |     0.16913  | +0.000000  | [220.000 220.000 220.000 220.000 220.000 220.000 220.000 220.000 220.000 220.000 220.000 220.000 220.000 220.000 220.000   0.000   0.000   0.000   0.000   0.000   0.000   0.000   0.000   0.000   0.000   0.000   0.000   0.000   0.000   0.000]  | 
     1  | 4.744e+02  | 8.707e+01  |     0.10000  |     0.18362  | +8.283000  | [223.408 223.398 222.831 221.531 223.421 221.505 223.423 221.596 221.554 221.661 221.544 223.324 221.476 222.997 220.885  -0.633  -0.679  -1.036   0.642  -0.201  -1.107  -0.653  -2.414  -1.852  -2.601  -1.598   0.216  -0.842  -0.889  -4.132]  | 
     2  | 4.801e+00  | 4.977e+01  |     0.10000  |     0.18495  | +8.346000  | [223.776 223.767 223.261 222.208 223.818 222.100 223.785 222.130 222.113 222.183 222.116 223.818 222.088 223.410 221.416  -1.768  -1.812  -2.413  -1.491  -1.367  -3.115  -1.781  -4.264  -3.777  -4.395  -3.544  -0.982  -2.875  -2.199  -6.237]  | 
     3  | 3.384e+00  | 2.699e+01  |     0.10000  |     0.18527  | +8.383000  | [224.071 224.062 223.615 222.778 224.121 222.618 224.078 222.599 222.604 222.640 222.615 224.136 222.618 223.747 221.907  -2.753  -2.797  -3.599  -3.386  -2.372  -4.847  -2.760  -5.850  -5.428  -5.940  -5.225  -2.030  -4.640  -3.329  -7.953]  | 
     4  | 2.373e+00  | 1.319e+01  |     0.10000  |     0.18515  | +8.573000  | [224.310 224.301 223.903 223.245 224.366 223.042 224.315 222.983 223.005 223.012 223.024 224.393 223.051 224.021 222.309  -3.580  -3.625  -4.594  -4.979  -3.217  -6.301  -3.582  -7.180  -6.813  -7.236  -6.635  -2.911  -6.122  -4.277  -9.391]  | 
     5  | 1.549e+00  | 5.597e+00  |     0.10000  |     0.18486  | +8.831000  | [224.495 224.485 224.126 223.605 224.556 223.370 224.499 223.279 223.315 223.300 223.339 224.592 223.386 224.233 222.619  -4.251  -4.296  -5.402  -6.269  -3.902  -7.480  -4.248  -8.259  -7.936  -8.287  -7.779  -3.625  -7.324  -5.046 -10.557]  | 
     6  | 9.125e-01  | 1.938e+00  |     0.10000  |     0.18452  | +8.372000  | [224.627 224.618 224.285 223.863 224.692 223.605 224.630 223.491 223.537 223.505 223.564 224.735 223.625 224.384 222.840  -4.769  -4.813  -6.024  -7.264  -4.431  -8.389  -4.763  -9.091  -8.803  -9.098  -8.661  -4.176  -8.250  -5.640 -11.457]  | 
     7  | 4.594e-01  | 4.916e-01  |     0.10000  |     0.18421  | +8.441000  | [224.711 224.702 224.386 224.028 224.778 223.754 224.714 223.625 223.678 223.636 223.708 224.825 223.778 224.481 222.979  -5.139  -5.183  -6.469  -7.974  -4.808  -9.038  -5.130  -9.686  -9.421  -9.677  -9.291  -4.570  -8.912  -6.063 -12.099]  | 
     8  | 1.778e-01  | 7.385e-02  |     0.10000  |     0.18395  | +8.312000  | [224.755 224.745 224.439 224.113 224.823 223.831 224.757 223.695 223.750 223.703 223.782 224.872 223.857 224.531 223.050  -5.370  -5.415  -6.748  -8.419  -5.045  -9.445  -5.361 -10.058  -9.809 -10.040  -9.685  -4.816  -9.326  -6.329 -12.502]  | 
     9  | 4.179e-02  | 4.111e-03  |     0.10000  |     0.18378  | +8.335000  | [224.770 224.760 224.457 224.143 224.839 223.858 224.772 223.719 223.776 223.726 223.808 224.889 223.885 224.548 223.074  -5.484  -5.528  -6.884  -8.637  -5.160  -9.644  -5.473 -10.241  -9.999 -10.218  -9.878  -4.937  -9.529  -6.459 -12.700]  | 
    10  | 3.392e-03  | 2.735e-05  |     0.10000  |     0.18372  | +8.371000  | [224.772 224.762 224.460 224.148 224.841 223.862 224.774 223.722 223.779 223.729 223.811 224.891 223.889 224.550 223.077  -5.516  -5.560  -6.924  -8.699  -5.193  -9.701  -5.505 -10.293 -10.053 -10.269  -9.934  -4.971  -9.587  -6.496 -12.756]  | 
    11  | 2.666e-05  | 1.712e-09  |     0.10000  |     0.18371  | +8.528000  | [224.772 224.762 224.460 224.148 224.841 223.862 224.774 223.722 223.779 223.729 223.811 224.891 223.889 224.550 223.077  -5.519  -5.563  -6.927  -8.705  -5.196  -9.706  -5.508 -10.297 -10.058 -10.273  -9.939  -4.974  -9.592  -6.499 -12.761]  | 
    12  | 3.381e-09  | 7.217e-18  |     0.10000  |     0.18371  | +8.243000  | [224.772 224.762 224.460 224.148 224.841 223.862 224.774 223.722 223.779 223.729 223.811 224.891 223.889 224.550 223.077  -5.519  -5.563  -6.927  -8.705  -5.196  -9.706  -5.508 -10.298 -10.058 -10.273  -9.939  -4.974  -9.593  -6.500 -12.761]  | 


x optimal:                   [2.24771997860e+02 2.24762274412e+02 2.24459722621e+02 2.24147694863e+02 2.24841264331e+02 2.23862061638e+02 2.24774348800e+02 2.23722039766e+02 2.23779302858e+02 2.23729293901e+02 2.23811107264e+02 2.24891421316e+02 2.23888735064e+02 2.24550302966e+02 2.23077216778e+02 -5.51903785919e+00 -5.56335588072e+00 -6.92707837137e+00 -8.70463656380e+00 -5.19639602661e+00 -9.70588871625e+00 -5.50831001899e+00 -1.02975111469e+01 -1.00581688988e+01 -1.02731379668e+01 -9.93872221949e+00 -4.97439848973e+00 -9.59250061804e+00 -6.49952210486e+00 -1.27611843188e+01]
S degree:                    [  6.71633082e-10 -4.39407639e-11j   6.71429135e-10 -4.19800399e-11j   8.10850942e-10 -4.70925631e-11j   1.28258026e-09 -1.08929674e-10j   6.84757140e-10 -4.20411300e-11j   1.18169030e-09 -8.89746952e-11j   6.67920830e-10 -3.90835732e-11j   1.08698783e-09 -7.81885180e-11j   1.12931442e-09 -8.23011654e-11j   1.05820419e-09 -7.33779695e-11j   1.14769999e-09 -8.56720129e-11j   7.12720993e-10 -4.52242262e-11j   1.20288432e-09 -9.29882834e-11j   7.72361286e-10 -5.17954640e-11j   1.18146737e-09 -8.76710260e-11j]
eigen vals, hessian(x_opt):  [9.29951611129e+04 9.30151017755e+04 5.90977902186e+04 5.91146745597e+04 4.93584346727e+04 4.94413533807e+04 6.18477469421e+03 6.19348665620e+03 5.06878975053e+03 5.07182675211e+03 3.75628789080e+03 3.76204677358e+03 1.56491479910e+03 1.56373354649e+03 6.56658259523e+02 6.53712779434e+02 5.68015611486e+02 5.67669479867e+02 3.85918773827e+02 3.85092373683e+02 8.55933692080e+01 8.54281296040e+01 6.26017625856e+01 6.26773326840e+01 2.45996143330e+01 2.38905166975e+01 1.83714155355e-01 2.16692434817e-01 9.30211554570e+00 9.39648570294e+00]
e_min:                       0.183714155355
total_time:                  101.041000128
