



S =  [  0.782   4.013  -6.451  -6.451  -5.594  -4.303  10.770  -3.494  -1.864  59.427  -0.395  -3.818  -0.170  -3.159  14.523]
     0  | 1.448e+04  | 3.071e+03  |     0.10000  |     0.21173  | +0.000000  | [220.000 220.000 220.000 220.000 220.000 220.000 220.000 220.000 220.000 220.000 220.000 220.000 220.000 220.000 220.000   0.000   0.000   0.000   0.000   0.000   0.000   0.000   0.000   0.000   0.000   0.000   0.000   0.000   0.000   0.000]  | 
     1  | 2.281e+02  | 1.127e+02  |     0.10000  |     0.21537  | +0.000000  | [222.211 222.202 221.448 219.495 222.241 219.552 222.194 219.727 219.691 219.839 219.552 221.801 219.382 221.672 218.789  -0.619  -0.665  -1.028   0.608  -0.196  -1.115  -0.632  -2.398  -1.855  -2.583  -1.581   0.283  -0.829  -0.880  -4.090]  | 
     2  | 5.753e+00  | 6.794e+01  |     0.10000  |     0.21011  | +0.000000  | [221.220 221.211 220.232 217.573 221.248 217.745 221.206 218.049 217.952 218.204 217.791 220.831 217.551 220.519 216.914  -1.389  -1.435  -1.971  -0.766  -0.984  -2.465  -1.397  -3.681  -3.172  -3.832  -2.901  -0.517  -2.186  -1.774  -5.586]  | 
     3  | 3.994e+00  | 3.914e+01  |     0.10000  |     0.20460  | +0.015625  | [220.342 220.333 219.173 215.909 220.355 216.205 220.334 216.625 216.475 216.815 216.292 219.907 215.986 219.511 215.351  -2.068  -2.114  -2.793  -2.040  -1.674  -3.658  -2.072  -4.790  -4.319  -4.914  -4.062  -1.232  -3.397  -2.555  -6.802]  | 
     4  | 2.895e+00  | 2.102e+01  |     0.10000  |     0.19928  | +0.000000  | [219.598 219.588 218.276 214.500 219.597 214.902 219.594 215.420 215.227 215.639 215.024 219.121 214.662 218.656 214.029  -2.651  -2.697  -3.499  -3.139  -2.267  -4.684  -2.652  -5.742  -5.304  -5.843  -5.061  -1.847  -4.440  -3.226  -7.842]  | 
     5  | 2.007e+00  | 1.029e+01  |     0.10000  |     0.19454  | +0.000000  | [218.982 218.972 217.533 213.333 218.971 213.823 218.982 214.422 214.192 214.665 213.973 218.471 213.565 217.949 212.934  -3.140  -3.185  -4.090  -4.061  -2.764  -5.544  -3.137  -6.540  -6.130  -6.621  -5.898  -2.361  -5.313  -3.788  -8.713]  | 
     6  | 1.299e+00  | 4.364e+00  |     0.10000  |     0.19050  | +0.015637  | [218.479 218.469 216.926 212.379 218.459 212.941 218.482 213.606 213.346 213.869 213.114 217.940 212.668 217.371 212.038  -3.541  -3.587  -4.576  -4.822  -3.172  -6.253  -3.536  -7.197  -6.811  -7.263  -6.587  -2.784  -6.034  -4.250  -9.431]  | 
     7  | 7.717e-01  | 1.561e+00  |     0.10000  |     0.18739  | +0.000000  | [218.099 218.090 216.469 211.659 218.073 212.275 218.105 212.991 212.708 213.268 212.466 217.540 211.991 216.935 211.362  -3.845  -3.891  -4.944  -5.398  -3.481  -6.789  -3.838  -7.694  -7.326  -7.748  -7.109  -3.104  -6.579  -4.600  -9.975]  | 
     8  | 3.978e-01  | 4.180e-01  |     0.10000  |     0.18512  | +0.000000  | [217.826 217.816 216.138 211.139 217.795 211.795 217.834 212.547 212.247 212.835 211.998 217.252 211.503 216.621 210.874  -4.064  -4.110  -5.210  -5.813  -3.704  -7.177  -4.056  -8.054  -7.697  -8.098  -7.486  -3.335  -6.972  -4.853 -10.367]  | 
     9  | 1.624e-01  | 7.009e-02  |     0.10000  |     0.18367  | +0.000000  | [217.652 217.642 215.928 210.808 217.618 211.489 217.661 212.264 211.954 212.559 211.701 217.069 211.192 216.421 210.563  -4.203  -4.249  -5.379  -6.077  -3.846  -7.422  -4.194  -8.281  -7.933  -8.321  -7.725  -3.481  -7.222  -5.013 -10.616]  | 
    10  | 4.153e-02  | 4.585e-03  |     0.10000  |     0.18292  | +0.015625  | [217.562 217.552 215.820 210.637 217.526 211.331 217.571 212.118 211.803 212.416 211.547 216.974 211.031 216.318 210.402  -4.275  -4.321  -5.465  -6.213  -3.918  -7.549  -4.265  -8.399  -8.055  -8.435  -7.848  -3.557  -7.351  -5.095 -10.744]  | 
    11  | 2.741e-03  | 1.914e-05  |     0.10000  |     0.18267  | +0.000000  | [217.533 217.523 215.785 210.582 217.497 211.280 217.542 212.070 211.754 212.370 211.497 216.943 210.979 216.284 210.351  -4.298  -4.344  -5.493  -6.256  -3.942  -7.589  -4.288  -8.436  -8.093  -8.472  -7.888  -3.581  -7.392  -5.122 -10.785]  | 
    12  | 1.695e-04  | 7.860e-08  |     0.10000  |     0.18266  | +0.000000  | [217.531 217.521 215.782 210.578 217.495 211.276 217.540 212.067 211.750 212.367 211.494 216.941 210.976 216.282 210.347  -4.299  -4.345  -5.495  -6.259  -3.943  -7.592  -4.290  -8.439  -8.096  -8.474  -7.890  -3.582  -7.394  -5.123 -10.788]  | 
    13  | 1.085e-05  | 3.225e-10  |     0.10000  |     0.18266  | +0.000000  | [217.531 217.521 215.782 210.578 217.495 211.276 217.540 212.067 211.750 212.367 211.493 216.941 210.976 216.282 210.347  -4.299  -4.345  -5.495  -6.259  -3.943  -7.592  -4.290  -8.439  -8.096  -8.474  -7.890  -3.582  -7.395  -5.123 -10.788]  | 
    14  | 6.952e-07  | 1.323e-12  |     0.10000  |     0.18266  | +0.015613  | [217.531 217.521 215.782 210.578 217.494 211.276 217.540 212.067 211.750 212.367 211.493 216.941 210.976 216.282 210.347  -4.299  -4.345  -5.495  -6.259  -3.943  -7.592  -4.290  -8.439  -8.096  -8.474  -7.890  -3.582  -7.395  -5.123 -10.788]  | 
    15  | 4.454e-08  | 5.428e-15  |     0.10000  |     0.18266  | +0.002013  | [217.531 217.521 215.782 210.578 217.494 211.276 217.540 212.067 211.750 212.367 211.493 216.941 210.976 216.282 210.347  -4.299  -4.345  -5.495  -6.259  -3.943  -7.592  -4.290  -8.439  -8.096  -8.474  -7.890  -3.582  -7.395  -5.123 -10.788]  | 
    16  | 3.312e-09  | 2.227e-17  |     0.10000  |     0.18266  | +0.001989  | [217.531 217.521 215.782 210.578 217.494 211.276 217.540 212.067 211.750 212.367 211.493 216.941 210.976 216.282 210.347  -4.299  -4.345  -5.495  -6.259  -3.943  -7.592  -4.290  -8.439  -8.096  -8.474  -7.890  -3.582  -7.395  -5.123 -10.788]  | 


x optimal:                   [2.17530822539e+02 2.17520993511e+02 2.15782112692e+02 2.10577749209e+02 2.17494493857e+02 2.11276117160e+02 2.17540252439e+02 2.12067044145e+02 2.11750221079e+02 2.12366833946e+02 2.11493450234e+02 2.16941046784e+02 2.10975792095e+02 2.16281805653e+02 2.10346950737e+02 -4.29940532278e+00 -4.34524959201e+00 -5.49502658224e+00 -6.25925285272e+00 -3.94326996883e+00 -7.59211015268e+00 -4.28981808496e+00 -8.43874018612e+00 -8.09615141896e+00 -8.47410879491e+00 -7.89020942277e+00 -3.58249330424e+00 -7.39455198019e+00 -5.12337773979e+00 -1.07877630389e+01]
S degree:                    [  8.68122241e-10 +7.65053304e-10j   8.68859651e-10 +7.68348088e-10j   1.06133147e-09 +9.31043591e-10j   1.70776637e-09 +1.47558822e-09j   8.83108697e-10 +7.81898196e-10j   1.58282276e-09 +1.36186836e-09j   8.65076899e-10 +7.63485363e-10j   1.46443346e-09 +1.25138062e-09j   1.51783164e-09 +1.30153565e-09j   1.42708245e-09 +1.22142531e-09j   1.54148011e-09 +1.32159257e-09j   9.17091292e-10 +8.14474762e-10j   1.60995262e-09 +1.39036866e-09j   1.00528608e-09 +8.76781659e-10j   1.63330860e-09 +1.36009428e-09j]
eigen vals, hessian(x_opt):  [8.66937076949e+04 8.67143710719e+04 5.48225057849e+04 5.48356251356e+04 4.45098092516e+04 4.45958550595e+04 5.53319293529e+03 5.54203879330e+03 4.74665476195e+03 4.74969186186e+03 3.35504032856e+03 3.36063954955e+03 1.44890616804e+03 1.44771046180e+03 5.94865587227e+02 5.92002617177e+02 5.08617010319e+02 5.08214935075e+02 3.57006000236e+02 3.56313265313e+02 7.83798765650e+01 7.81530257685e+01 5.71714015726e+01 5.72989442609e+01 2.21411824214e+01 2.14246428807e+01 1.82656048955e-01 2.17368188470e-01 8.65278347605e+00 8.75219768838e+00]
e_min:                       0.182656048955
total_time:                  0.08700919151306152
