



S =  [  0.782   4.013  -6.451  -6.451  -5.594  -4.303  10.770  -3.494  -1.864  59.427  -0.395  -3.818  -0.170  -3.159  14.523]
     0  | 1.448e+04  | 3.071e+03  |     0.10000  |     0.21173  | +0.000000  | [220.000 220.000 220.000 220.000 220.000 220.000 220.000 220.000 220.000 220.000 220.000 220.000 220.000 220.000 220.000   0.000   0.000   0.000   0.000   0.000   0.000   0.000   0.000   0.000   0.000   0.000   0.000   0.000   0.000   0.000]  | 
     1  | 2.281e+02  | 1.127e+02  |     0.10000  |     0.21537  | +0.015609  | [222.211 222.202 221.448 219.495 222.241 219.552 222.194 219.727 219.691 219.839 219.552 221.801 219.382 221.672 218.789  -0.619  -0.665  -1.028   0.608  -0.196  -1.115  -0.632  -2.398  -1.855  -2.583  -1.581   0.283  -0.829  -0.880  -4.090]  | 
     2  | 5.753e+00  | 6.795e+01  |     0.10000  |     0.21011  | +0.000000  | [221.220 221.211 220.233 217.574 221.248 217.745 221.206 218.049 217.952 218.204 217.791 220.831 217.551 220.519 216.915  -1.389  -1.434  -1.971  -0.765  -0.984  -2.465  -1.397  -3.681  -3.172  -3.832  -2.901  -0.517  -2.186  -1.774  -5.586]  | 
     3  | 3.995e+00  | 3.915e+01  |     0.10000  |     0.20460  | +0.015625  | [220.343 220.333 219.174 215.910 220.356 216.206 220.334 216.625 216.476 216.815 216.293 219.908 215.986 219.511 215.351  -2.068  -2.114  -2.793  -2.039  -1.674  -3.657  -2.072  -4.789  -4.318  -4.913  -4.062  -1.232  -3.397  -2.555  -6.801]  | 
     4  | 2.896e+00  | 2.103e+01  |     0.10000  |     0.19929  | +0.000000  | [219.598 219.589 218.277 214.501 219.598 214.903 219.595 215.421 215.227 215.640 215.025 219.122 214.663 218.657 214.030  -2.651  -2.697  -3.498  -3.138  -2.267  -4.683  -2.651  -5.741  -5.304  -5.842  -5.060  -1.846  -4.439  -3.226  -7.841]  | 
     5  | 2.008e+00  | 1.029e+01  |     0.10000  |     0.19454  | +0.000000  | [218.982 218.972 217.533 213.333 218.971 213.823 218.982 214.422 214.192 214.665 213.973 218.471 213.565 217.949 212.934  -3.139  -3.185  -4.090  -4.061  -2.764  -5.544  -3.137  -6.540  -6.130  -6.621  -5.897  -2.361  -5.313  -3.788  -8.713]  | 
     6  | 1.308e+00  | 4.435e+00  |     0.10000  |     0.19056  | +0.000000  | [218.486 218.477 216.935 212.393 218.466 212.954 218.490 213.618 213.359 213.881 213.127 217.948 212.681 217.380 212.051  -3.535  -3.581  -4.569  -4.810  -3.166  -6.242  -3.530  -7.187  -6.800  -7.253  -6.577  -2.778  -6.023  -4.243  -9.420]  | 
     7  | 7.788e-01  | 1.590e+00  |     0.10000  |     0.18743  | +0.000000  | [218.105 218.095 216.475 211.668 218.078 212.284 218.110 212.999 212.717 213.276 212.475 217.546 212.000 216.941 211.371  -3.841  -3.887  -4.940  -5.390  -3.477  -6.782  -3.834  -7.688  -7.319  -7.742  -7.102  -3.100  -6.571  -4.596  -9.967]  | 
     8  | 4.033e-01  | 4.298e-01  |     0.10000  |     0.18515  | +0.015625  | [217.830 217.820 216.143 211.147 217.799 211.802 217.838 212.553 212.254 212.841 212.005 217.256 211.510 216.626 210.881  -4.061  -4.107  -5.206  -5.807  -3.701  -7.171  -4.053  -8.048  -7.692  -8.093  -7.480  -3.332  -6.966  -4.849 -10.361]  | 
     9  | 1.653e-01  | 7.260e-02  |     0.10000  |     0.18369  | +0.000000  | [217.654 217.644 215.931 210.812 217.620 211.493 217.663 212.268 211.958 212.562 211.705 217.071 211.196 216.424 210.567  -4.202  -4.247  -5.377  -6.074  -3.844  -7.419  -4.193  -8.278  -7.930  -8.318  -7.722  -3.480  -7.219  -5.011 -10.613]  | 
    10  | 4.369e-02  | 5.085e-03  |     0.10000  |     0.18293  | +0.015625  | [217.564 217.554 215.822 210.640 217.528 211.334 217.573 212.120 211.805 212.419 211.549 216.976 211.034 216.319 210.405  -4.274  -4.319  -5.464  -6.210  -3.917  -7.547  -4.264  -8.396  -8.052  -8.433  -7.846  -3.555  -7.348  -5.094 -10.742]  | 
    11  | 4.551e-03  | 5.521e-05  |     0.10000  |     0.18268  | +0.000000  | [217.534 217.524 215.786 210.584 217.498 211.282 217.544 212.073 211.756 212.372 211.499 216.945 210.982 216.286 210.353  -4.297  -4.343  -5.492  -6.254  -3.941  -7.587  -4.287  -8.434  -8.092  -8.470  -7.886  -3.580  -7.390  -5.120 -10.783]  | 
    12  | 5.990e-05  | 9.566e-09  |     0.10000  |     0.18266  | +0.000000  | [217.531 217.521 215.782 210.578 217.495 211.276 217.540 212.067 211.750 212.367 211.494 216.941 210.976 216.282 210.347  -4.299  -4.345  -5.495  -6.259  -3.943  -7.592  -4.290  -8.439  -8.096  -8.474  -7.890  -3.582  -7.394  -5.123 -10.788]  | 
    13  | 9.468e-09  | 2.191e-16  |     0.10000  |     0.18266  | +0.000000  | [217.531 217.521 215.782 210.578 217.494 211.276 217.540 212.067 211.750 212.367 211.493 216.941 210.976 216.282 210.347  -4.299  -4.345  -5.495  -6.259  -3.943  -7.592  -4.290  -8.439  -8.096  -8.474  -7.890  -3.582  -7.395  -5.123 -10.788]  | 


x optimal:                   [2.17530822543e+02 2.17520993515e+02 2.15782112698e+02 2.10577749218e+02 2.17494493862e+02 2.11276117168e+02 2.17540252444e+02 2.12067044153e+02 2.11750221086e+02 2.12366833954e+02 2.11493450242e+02 2.16941046789e+02 2.10975792103e+02 2.16281805658e+02 2.10346950746e+02 -4.29940531917e+00 -4.34524958840e+00 -5.49502657787e+00 -6.25925284588e+00 -3.94326996516e+00 -7.59211014631e+00 -4.28981808137e+00 -8.43874018021e+00 -8.09615141284e+00 -8.47410878914e+00 -7.89020941656e+00 -3.58249330044e+00 -7.39455197372e+00 -5.12337773564e+00 -1.07877630325e+01]
S degree:                    [  2.72108891e-09 +2.39714462e-09j   2.72264788e-09 +2.39935659e-09j   3.32242500e-09 +2.90571555e-09j   5.36292166e-09 +4.62816852e-09j   2.76650436e-09 +2.44789465e-09j   4.96856600e-09 +4.26850302e-09j   2.70511258e-09 +2.38568493e-09j   4.59237315e-09 +3.92598665e-09j   4.76218398e-09 +4.07976360e-09j   4.47864323e-09 +3.83906636e-09j   4.83859719e-09 +4.14305758e-09j   2.87314705e-09 +2.54782073e-09j   5.05352202e-09 +4.34922098e-09j   3.15366488e-09 +2.77223705e-09j   5.12763521e-09 +4.27017022e-09j]
eigen vals, hessian(x_opt):  [8.66937076989e+04 8.67143710758e+04 5.48225057875e+04 5.48356251383e+04 4.45098092546e+04 4.45958550625e+04 5.53319293570e+03 5.54203879370e+03 4.74665476215e+03 4.74969186206e+03 3.35504032881e+03 3.36063954980e+03 1.44890616812e+03 1.44771046188e+03 5.94865587265e+02 5.92002617216e+02 5.08617010357e+02 5.08214935112e+02 3.57006000255e+02 3.56313265331e+02 7.83798765700e+01 7.81530257732e+01 5.71714015766e+01 5.72989442645e+01 2.21411824231e+01 2.14246428827e+01 1.82656048995e-01 2.17368188483e-01 8.65278347653e+00 8.75219768898e+00]
e_min:                       0.182656048995
total_time:                  0.09374666213989258
