



S =  [  0.782030-400.j   4.012712-400.j  -6.450680-400.j  -6.450860-400.j  -5.593560-400.j  -4.303490-400.j  10.769700-400.j  -3.494220-400.j  -1.863830-400.j  59.427300-400.j  -0.394980-400.j  -3.818180-400.j  -0.169910-400.j  -3.159090-400.j  14.522730-400.j]
     0  | 1.716e+04  | 1.197e+06  |     0.10000  |    -1.77385  | +0.000000  | [220.000 220.000 220.000 220.000 220.000 220.000 220.000 220.000 220.000 220.000 220.000 220.000 220.000 220.000 220.000   0.000   0.000   0.000   0.000   0.000   0.000   0.000   0.000   0.000   0.000   0.000   0.000   0.000   0.000   0.000]  | 
     1  | 7.650e+03  | 1.036e+06  |     0.10000  |    -2.44446  | +0.000000  | [265.637 265.624 256.600 209.437 270.593 221.270 263.807 231.057 226.978 233.661 224.836 272.855 218.665 259.242 219.682  -7.572  -7.629  -6.402   5.987  -7.967   0.262  -7.227  -3.540  -1.968  -4.193  -1.011  -8.107   1.253  -6.675  -3.553]  | 
     2  | 2.137e+03  | 9.518e+05  |     0.10000  |    -9.29160  | +0.000000  | [290.111 290.103 281.610 195.158 296.768 234.995 287.909 253.031 246.606 255.860 241.380 310.377 227.523 284.250 245.222 -13.671 -13.702 -12.491  11.959 -14.760  -2.506 -13.216  -8.493  -6.288  -9.111  -4.382 -17.321  -0.218 -12.810 -11.107]  | 
     3  | 3.884e+03  | 7.633e+05  |     0.10000  |   -28.19839  | +0.020501  | [306.074 306.065 298.283  96.833 313.595 233.240 303.524 269.093 258.029 271.284 245.065 326.861 211.133 300.807 286.433 -17.673 -17.707 -17.104  23.706 -18.870  -6.986 -17.165 -14.198 -11.810 -14.678  -9.158 -21.427  -3.102 -17.255 -18.552]  | 
        |            |            |     0.20000  |              |            |                                                                                                                                                                                                                                                    | 
     4  | 1.030e+04  | 4.076e+05  |     0.20000  |    -0.12261  | +0.012003  | [315.896 315.888 312.439 -108.964 322.869 245.988 313.458 291.651 280.187 292.869 261.691 334.889 200.091 313.783 308.794 -18.235 -18.267 -18.490  21.735 -19.290 -14.350 -17.792 -17.961 -16.717 -18.254 -15.214 -21.820 -12.082 -18.395 -20.133]  | 
     5  | 2.176e+03  | 1.305e+05  |     0.20000  |    -0.45816  | +0.005001  | [333.756 333.749 330.017 -70.404 342.098 254.601 330.874 306.297 292.348 307.500 271.663 356.192 210.499 331.511 337.613 -20.125 -20.155 -21.576  10.773 -21.015 -20.881 -19.723 -23.694 -22.866 -23.729 -21.475 -23.051 -18.804 -21.140 -26.361]  | 
     6  | 7.019e+02  | 7.314e+04  |     0.20000  |    -0.31760  | +0.004051  | [345.879 345.871 343.291 -53.740 354.816 269.875 342.821 321.342 307.548 322.366 286.840 370.535 225.854 344.466 353.548 -23.149 -23.178 -25.637   5.910 -24.002 -27.908 -22.755 -30.009 -29.549 -29.796 -28.241 -25.804 -25.679 -24.909 -33.595]  | 
     7  | 4.304e+02  | 4.742e+04  |     0.20000  |    -0.07479  | +0.000000  | [354.896 354.889 353.583 -47.828 364.151 282.154 351.734 333.827 320.144 334.606 299.158 380.565 237.335 354.408 367.599 -27.434 -27.462 -30.762   4.819 -28.381 -34.525 -27.007 -36.723 -36.376 -36.320 -34.866 -30.276 -31.670 -29.806 -41.561]  | 
     8  | 2.631e+02  | 3.481e+04  |     0.20000  |     0.11495  | +0.000000  | [361.052 361.044 360.578 -44.808 370.531 290.220 357.817 342.219 328.557 342.834 307.310 387.395 244.730 361.174 377.232 -32.718 -32.745 -36.769   4.669 -33.858 -41.288 -32.226 -43.926 -43.572 -43.373 -41.752 -36.095 -37.633 -35.620 -50.034]  | 
     9  | 1.707e+02  | 2.861e+04  |     0.20000  |     0.22970  | +0.000000  | [364.331 364.323 364.276 -43.095 373.938 294.382 361.055 346.581 332.918 347.114 311.529 391.055 248.536 364.757 382.226 -38.581 -38.608 -43.338   4.800 -39.959 -48.349 -38.010 -51.579 -51.171 -50.888 -48.991 -42.647 -43.797 -42.000 -58.967]  | 
    10  | 1.335e+02  | 2.476e+04  |     0.20000  |     0.28655  | +0.000000  | [365.452 365.443 365.520 -42.243 375.109 295.717 362.160 347.994 334.325 348.502 312.889 392.320 249.760 365.968 383.817 -44.465 -44.492 -49.908   5.078 -46.086 -55.316 -43.814 -59.183 -58.703 -58.359 -56.152 -49.238 -49.847 -48.388 -67.827]  | 
    11  | 1.184e+02  | 2.172e+04  |     0.20000  |     0.31122  | +0.015626  | [365.370 365.361 365.400 -41.853 375.033 295.496 362.078 347.776 334.100 348.291 312.672 392.250 249.564 365.858 383.526 -50.091 -50.117 -56.187   5.433 -51.944 -61.945 -49.362 -66.439 -65.885 -65.491 -62.973 -55.539 -55.585 -54.493 -76.283]  | 
    12  | 1.092e+02  | 1.907e+04  |     0.20000  |     0.32069  | +0.000000  | [364.697 364.688 364.610 -41.678 374.344 294.510 361.411 346.756 333.072 347.292 311.679 391.524 248.675 365.100 382.308 -55.433 -55.459 -62.149   5.820 -57.506 -68.226 -54.631 -73.327 -72.699 -72.261 -69.441 -61.521 -61.012 -60.289 -84.312]  | 
    13  | 1.014e+02  | 1.671e+04  |     0.20000  |     0.32329  | +0.000000  | [363.732 363.722 363.487 -41.599 373.351 293.145 360.456 345.337 331.646 345.903 310.303 390.473 247.445 364.019 380.629 -60.521 -60.547 -67.828   6.218 -62.805 -74.201 -59.649 -79.884 -79.185 -78.706 -75.596 -67.217 -66.169 -65.811 -91.957]  | 
    14  | 9.428e+01  | 1.459e+04  |     0.20000  |     0.32277  | +0.015625  | [362.610 362.600 362.187 -41.563 372.198 291.581 359.347 343.706 330.007 344.306 308.723 389.250 246.036 362.768 378.702 -65.381 -65.407 -73.250   6.615 -67.865 -79.899 -64.442 -86.143 -85.373 -84.858 -81.466 -72.658 -71.083 -71.083 -99.254]  | 
    15  | 8.749e+01  | 1.269e+04  |     0.20000  |     0.32079  | +0.000000  | [361.399 361.388 360.783 -41.546 370.950 289.901 358.147 341.952 328.245 342.588 307.025 387.927 244.525 361.416 376.631 -70.028 -70.054 -78.433   7.006 -72.704 -85.337 -69.025 -92.120 -91.283 -90.734 -87.071 -77.860 -75.770 -76.123 -106.222]  | 
    16  | 8.104e+01  | 1.100e+04  |     0.20000  |     0.31804  | +0.000000  | [360.129 360.118 359.314 -41.538 369.643 288.148 356.891 340.118 326.405 340.792 305.252 386.539 242.951 360.001 374.469 -74.471 -74.496 -83.387   7.388 -77.331 -90.526 -73.406 -97.829 -96.925 -96.345 -92.421 -82.835 -80.240 -80.940 -112.876]  | 
    17  | 7.490e+01  | 9.496e+03  |     0.20000  |     0.31487  | +0.000000  | [358.820 358.809 357.801 -41.535 368.295 286.347 355.596 338.233 324.514 338.946 303.431 385.108 241.337 358.543 372.245 -78.715 -78.741 -88.117   7.762 -81.751 -95.475 -77.592 -103.275 -102.307 -101.699 -97.523 -87.589 -84.501 -85.540 -119.223]  | 
    18  | 6.907e+01  | 8.162e+03  |     0.20000  |     0.31141  | +0.004577  | [357.485 357.474 356.258 -41.534 366.920 284.516 354.276 336.314 322.589 337.067 301.578 383.648 239.697 357.057 369.982 -82.766 -82.791 -92.630   8.126 -85.971 -100.188 -81.586 -108.466 -107.436 -106.803 -102.385 -92.128 -88.557 -89.930 -125.272]  | 
    19  | 6.354e+01  | 6.984e+03  |     0.20000  |     0.30777  | +0.000000  | [356.136 356.124 354.699 -41.536 365.529 282.669 352.941 334.375 320.645 335.170 299.708 382.172 238.044 355.555 367.696 -86.627 -86.653 -96.930   8.479 -89.994 -104.673 -85.394 -113.408 -112.317 -111.662 -107.011 -96.455 -92.414 -94.113 -131.029]  | 
    20  | 5.832e+01  | 5.947e+03  |     0.20000  |     0.30400  | +0.000000  | [354.780 354.768 353.132 -41.539 364.132 280.817 351.600 332.430 318.695 333.266 297.832 380.687 236.389 354.045 365.403 -90.304 -90.329 -101.022   8.823 -93.824 -108.933 -89.019 -118.106 -116.958 -116.282 -111.408 -100.576 -96.076 -98.095 -136.502]  | 
    21  | 5.338e+01  | 5.037e+03  |     0.20000  |     0.30015  | +0.000000  | [353.425 353.413 351.568 -41.542 362.736 278.971 350.259 330.490 316.750 331.366 295.962 379.204 234.740 352.538 363.115 -93.800 -93.825 -104.912   9.156 -97.467 -112.976 -92.466 -122.568 -121.363 -120.670 -115.581 -104.495 -99.550 -101.879 -141.698]  | 
    22  | 4.872e+01  | 4.243e+03  |     0.20000  |     0.29625  | +0.000000  | [352.079 352.067 350.015 -41.546 361.348 277.140 348.928 328.563 314.819 329.480 294.106 377.731 233.106 351.041 360.844 -97.119 -97.144 -108.603   9.478 -100.926 -116.807 -95.738 -126.798 -125.538 -124.830 -119.536 -108.218 -102.840 -105.472 -146.623]  | 
    23  | 4.434e+01  | 3.553e+03  |     0.20000  |     0.29233  | +0.000000  | [350.748 350.736 348.479 -41.550 359.976 275.332 347.612 326.661 312.913 327.617 292.273 376.273 231.493 349.561 358.601 -100.266 -100.291 -112.101   9.789 -104.206 -120.431 -98.841 -130.803 -129.491 -128.769 -123.279 -111.748 -105.952 -108.876 -151.285]  | 
    24  | 4.022e+01  | 2.955e+03  |     0.20000  |     0.28843  | +0.000000  | [349.439 349.426 346.968 -41.554 358.626 273.556 346.316 324.790 311.039 325.785 290.472 374.839 229.910 348.104 356.395 -103.245 -103.270 -115.411  10.089 -107.311 -123.856 -101.778 -134.589 -133.227 -132.493 -126.816 -115.090 -108.889 -112.098 -155.692]  | 
    25  | 3.636e+01  | 2.440e+03  |     0.20000  |     0.28457  | +0.000000  | [348.156 348.143 345.488 -41.558 357.304 271.818 345.047 322.958 309.204 323.993 288.709 373.433 228.362 346.678 354.237 -106.060 -106.085 -118.538  10.377 -110.246 -127.085 -104.553 -138.162 -136.753 -136.008 -130.153 -118.250 -111.659 -115.142 -159.850]  | 
    26  | 3.275e+01  | 2.000e+03  |     0.20000  |     0.28077  | +0.000000  | [346.905 346.891 344.045 -41.561 356.013 270.125 343.810 321.174 307.416 322.245 286.992 372.062 226.855 345.287 352.133 -108.716 -108.741 -121.487  10.654 -113.015 -130.126 -107.171 -141.529 -140.073 -139.320 -133.295 -121.231 -114.266 -118.013 -163.767]  | 
    27  | 2.937e+01  | 1.625e+03  |     0.20000  |     0.27706  | +0.000000  | [345.690 345.676 342.643 -41.564 354.760 268.482 342.608 319.442 305.682 320.550 285.326 370.731 225.393 343.936 350.092 -111.217 -111.241 -124.262  10.919 -115.622 -132.984 -109.636 -144.694 -143.195 -142.434 -136.249 -124.039 -116.714 -120.715 -167.450]  | 
    28  | 2.622e+01  | 1.307e+03  |     0.20000  |     0.27345  | +0.015610  | [344.515 344.501 341.289 -41.567 353.549 266.896 341.446 317.768 304.006 318.911 283.717 369.443 223.983 342.630 348.119 -113.566 -113.591 -126.868  11.172 -118.072 -135.664 -111.952 -147.664 -146.124 -145.356 -139.020 -126.678 -119.009 -123.253 -170.905]  | 
    29  | 2.329e+01  | 1.041e+03  |     0.20000  |     0.26996  | +0.000000  | [343.384 343.370 339.985 -41.569 352.383 265.371 340.327 316.158 302.394 317.335 282.169 368.204 222.627 341.374 346.222 -115.768 -115.793 -129.310  11.413 -120.369 -138.171 -114.123 -150.445 -148.865 -148.092 -141.613 -129.151 -121.155 -125.632 -174.138]  | 
    30  | 2.057e+01  | 8.196e+02  |     0.20000  |     0.26661  | +0.000000  | [342.301 342.287 338.737 -41.571 351.265 263.911 339.256 314.616 300.851 315.826 280.687 367.016 221.329 340.170 344.405 -117.827 -117.852 -131.593  11.641 -122.516 -140.511 -116.152 -153.042 -151.424 -150.647 -144.033 -131.465 -123.157 -127.855 -177.157]  | 
    31  | 1.805e+01  | 6.368e+02  |     0.20000  |     0.26340  | +0.015637  | [341.268 341.254 337.546 -41.572 350.200 262.520 338.234 313.147 299.380 314.388 279.275 365.884 220.093 339.022 342.673 -119.746 -119.771 -133.719  11.857 -124.518 -142.688 -118.043 -155.459 -153.807 -153.026 -146.286 -133.621 -125.019 -129.926 -179.967]  | 
    32  | 1.573e+01  | 4.876e+02  |     0.20000  |     0.26034  | +0.000000  | [340.288 340.274 336.417 -41.573 349.189 261.202 337.265 311.754 297.985 313.024 277.937 364.809 218.922 337.934 341.031 -121.529 -121.554 -135.694  12.060 -126.378 -144.707 -119.800 -157.702 -156.017 -155.234 -148.376 -135.625 -126.746 -131.850 -182.575]  | 
    33  | 1.360e+01  | 3.671e+02  |     0.20000  |     0.25746  | +0.000000  | [339.363 339.349 335.352 -41.573 348.235 259.959 336.350 310.440 296.670 311.737 276.674 363.795 217.818 336.906 339.483 -123.179 -123.203 -137.521  12.251 -128.099 -146.573 -121.427 -159.776 -158.060 -157.275 -150.307 -137.480 -128.341 -133.630 -184.985]  | 
    34  | 1.164e+01  | 2.712e+02  |     0.20000  |     0.25475  | +0.015613  | [338.496 338.482 334.353 -41.573 347.341 258.793 335.493 309.208 295.437 310.531 275.491 362.844 216.784 335.943 338.031 -124.699 -124.724 -139.204  12.428 -129.685 -148.290 -122.925 -161.685 -159.940 -159.154 -152.084 -139.189 -129.807 -135.270 -187.203]  | 
    35  | 9.862e+00  | 1.959e+02  |     0.20000  |     0.25222  | +0.000000  | [337.689 337.674 333.422 -41.573 346.507 257.708 334.694 308.060 294.289 309.408 274.389 361.958 215.821 335.046 336.680 -126.093 -126.117 -140.746  12.592 -131.140 -149.862 -124.298 -163.433 -161.662 -160.874 -153.711 -140.757 -131.150 -136.772 -189.234]  | 
    36  | 8.250e+00  | 1.380e+02  |     0.20000  |     0.24989  | +0.000000  | [336.942 336.927 332.561 -41.572 345.737 256.706 333.955 307.000 293.227 308.370 273.371 361.139 214.931 334.216 335.430 -127.363 -127.387 -142.151  12.743 -132.465 -151.292 -125.549 -165.024 -163.229 -162.441 -155.192 -142.185 -132.371 -138.141 -191.083]  | 
    37  | 6.799e+00  | 9.428e+01  |     0.20000  |     0.24774  | +0.000000  | [336.257 336.242 331.773 -41.572 345.030 255.787 333.278 306.028 292.255 307.418 272.438 360.388 214.116 333.456 334.285 -128.511 -128.536 -143.421  12.881 -133.663 -152.584 -126.681 -166.463 -164.645 -163.857 -156.530 -143.477 -133.473 -139.380 -192.754]  | 
    38  | 5.504e+00  | 6.213e+01  |     0.20000  |     0.24579  | +0.000000  | [335.635 335.620 331.057 -41.571 344.389 254.953 332.663 305.146 291.372 306.555 271.591 359.706 213.377 332.765 333.245 -129.542 -129.566 -144.560  13.006 -134.739 -153.742 -127.697 -167.752 -165.915 -165.126 -157.729 -144.636 -134.461 -140.490 -194.251]  | 
    39  | 4.361e+00  | 3.918e+01  |     0.20000  |     0.24405  | +0.000000  | [335.078 335.062 330.415 -41.570 343.813 254.206 332.111 304.355 290.581 305.780 270.832 359.094 212.714 332.146 332.313 -130.456 -130.480 -145.571  13.118 -135.693 -154.768 -128.598 -168.896 -167.040 -166.252 -158.793 -145.665 -135.337 -141.475 -195.579]  | 
    40  | 3.363e+00  | 2.340e+01  |     0.20000  |     0.24250  | +0.000000  | [334.585 334.569 329.847 -41.569 343.305 253.545 331.624 303.655 289.881 305.096 270.161 358.553 212.128 331.599 331.489 -131.257 -131.281 -146.457  13.216 -136.529 -155.666 -129.387 -169.897 -168.026 -167.237 -159.723 -146.567 -136.103 -142.338 -196.742]  | 
    41  | 2.507e+00  | 1.305e+01  |     0.20000  |     0.24116  | +0.015625  | [334.156 334.141 329.354 -41.568 342.863 252.972 331.200 303.048 289.273 304.501 269.578 358.084 211.620 331.123 330.774 -131.947 -131.971 -147.219  13.301 -137.249 -156.439 -130.067 -170.758 -168.874 -168.086 -160.524 -147.343 -136.763 -143.082 -197.742]  | 
    42  | 1.787e+00  | 6.654e+00  |     0.20000  |     0.24002  | +0.000000  | [333.793 333.778 328.935 -41.567 342.488 252.485 330.841 302.533 288.758 303.997 269.083 357.685 211.188 330.720 330.167 -132.528 -132.553 -147.862  13.373 -137.856 -157.090 -130.640 -171.484 -169.588 -168.800 -161.199 -147.998 -137.318 -143.708 -198.585]  | 
    43  | 1.200e+00  | 3.008e+00  |     0.20000  |     0.23908  | +0.000000  | [333.494 333.479 328.591 -41.566 342.180 252.085 330.545 302.109 288.334 303.582 268.677 357.357 210.834 330.388 329.668 -133.004 -133.028 -148.387  13.433 -138.353 -157.623 -131.108 -172.078 -170.173 -169.385 -161.751 -148.533 -137.772 -144.220 -199.275]  | 
    44  | 7.406e-01  | 1.148e+00  |     0.20000  |     0.23834  | +0.015625  | [333.259 333.243 328.320 -41.566 341.937 251.769 330.312 301.775 288.000 303.255 268.356 357.099 210.554 330.126 329.274 -133.377 -133.402 -148.800  13.479 -138.742 -158.040 -131.476 -172.543 -170.631 -169.843 -162.184 -148.953 -138.127 -144.622 -199.815]  | 
    45  | 4.026e-01  | 3.398e-01  |     0.20000  |     0.23779  | +0.000000  | [333.084 333.069 328.119 -41.565 341.757 251.536 330.140 301.528 287.753 303.013 268.119 356.908 210.347 329.933 328.983 -133.652 -133.676 -149.103  13.514 -139.029 -158.348 -131.747 -172.886 -170.968 -170.181 -162.502 -149.263 -138.390 -144.918 -200.213]  | 
    46  | 1.782e-01  | 6.664e-02  |     0.20000  |     0.23743  | +0.000000  | [332.968 332.953 327.986 -41.565 341.637 251.381 330.025 301.364 287.588 302.852 267.961 356.780 210.210 329.804 328.789 -133.835 -133.859 -149.305  13.537 -139.220 -158.552 -131.927 -173.114 -171.192 -170.405 -162.714 -149.468 -138.564 -145.115 -200.478]  | 
    47  | 5.439e-02  | 6.211e-03  |     0.20000  |     0.23723  | +0.000000  | [332.904 332.889 327.912 -41.565 341.571 251.295 329.962 301.273 287.497 302.763 267.874 356.710 210.133 329.733 328.682 -133.936 -133.960 -149.417  13.549 -139.325 -158.665 -132.026 -173.240 -171.316 -170.529 -162.831 -149.582 -138.660 -145.224 -200.624]  | 
    48  | 7.731e-03  | 1.255e-04  |     0.20000  |     0.23715  | +0.000000  | [332.880 332.864 327.884 -41.565 341.546 251.262 329.938 301.238 287.463 302.729 267.841 356.683 210.105 329.706 328.642 -133.974 -133.998 -149.459  13.554 -139.365 -158.707 -132.064 -173.287 -171.363 -170.576 -162.875 -149.625 -138.696 -145.265 -200.679]  | 
    49  | 2.014e-04  | 8.520e-08  |     0.20000  |     0.23714  | +0.000000  | [332.876 332.860 327.879 -41.565 341.542 251.257 329.934 301.233 287.457 302.724 267.836 356.679 210.100 329.701 328.635 -133.980 -134.004 -149.465  13.555 -139.372 -158.714 -132.070 -173.295 -171.370 -170.583 -162.882 -149.632 -138.702 -145.271 -200.688]  | 
    50  | 1.441e-07  | 4.351e-14  |     0.20000  |     0.23714  | +0.000000  | [332.876 332.860 327.879 -41.565 341.542 251.257 329.934 301.233 287.457 302.724 267.836 356.679 210.100 329.701 328.635 -133.980 -134.004 -149.466  13.555 -139.372 -158.714 -132.070 -173.295 -171.371 -170.584 -162.882 -149.632 -138.702 -145.271 -200.688]  | 
    51  | 6.008e-09  | 2.617e-22  |     0.20000  |     0.23714  | +0.015625  | [332.876 332.860 327.879 -41.565 341.542 251.257 329.934 301.233 287.457 302.724 267.836 356.679 210.100 329.701 328.635 -133.980 -134.004 -149.466  13.555 -139.372 -158.714 -132.070 -173.295 -171.371 -170.584 -162.882 -149.632 -138.702 -145.271 -200.688]  | 


x optimal:                   [3.32875892897e+02 3.32860352558e+02 3.27879223006e+02 -4.15647781522e+01 3.41541632553e+02 2.51256998007e+02 3.29933581362e+02 3.01232801620e+02 2.87457170481e+02 3.02723792330e+02 2.67835772954e+02 3.56678855856e+02 2.10099920904e+02 3.29701375041e+02 3.28634915645e+02 -1.33980276450e+02 -1.34004410772e+02 -1.49465513877e+02 1.35550138954e+01 -1.39371788060e+02 -1.58714375947e+02 -1.32070180676e+02 -1.73295309915e+02 -1.71370589016e+02 -1.70583638563e+02 -1.62882265968e+02 -1.49631906068e+02 -1.38702047412e+02 -1.45271474286e+02 -2.00687939471e+02]
S degree:                    [  5.94968519e-13 -2.44426701e-12j   3.24451577e-12 +5.11590770e-13j   1.50102153e-12 +4.54747351e-12j   4.52970994e-14 +1.13686838e-13j   9.54791801e-13 +5.11590770e-13j  -1.44773082e-12 -1.64845915e-12j  -6.51212417e-12 -1.18802745e-11j   4.05808720e-12 +1.26760824e-11j  -3.69260178e-13 +1.47792889e-12j   4.48352466e-12 +1.33582034e-11j   1.79306570e-12 -5.68434189e-14j  -3.41948692e-14 +1.13686838e-13j   3.46667139e-14 -1.42108547e-12j  -7.30793204e-12 -9.49285095e-12j  -9.41469125e-14 +1.13686838e-13j]
eigen vals, hessian(x_opt):  [2.36940666267e+05 2.34769981516e+05 1.50712950921e+05 1.48986382235e+05 1.20091866166e+05 1.18503083236e+05 1.33991385253e+04 1.31697150798e+04 1.26629645513e+04 1.28437938627e+04 6.53920336958e+03 6.10198482338e+03 3.97955412602e+03 3.69703180897e+03 1.46351924865e+03 1.28887081534e+03 1.21159241227e+03 9.52930236652e+02 1.04043816299e+03 8.09561134056e+02 2.43309250501e+02 1.80506776503e+02 1.61460237223e+02 2.37139099479e-01 6.67272392393e+00 2.20431649567e+01 4.48615584688e+01 1.06862290761e+02 9.20632217029e+01 6.29626227106e+01]
e_min:                       0.237139099479
total_time:                  0.30014896392822266
