



S =  [  0.782030-400.j   4.012712-400.j  -6.450680-400.j  -6.450860-400.j  -5.593560-400.j  -4.303490-400.j  10.769700-400.j  -3.494220-400.j  -1.863830-400.j  59.427300-400.j  -0.394980-400.j  -3.818180-400.j  -0.169910-400.j  -3.159090-400.j  14.522730-400.j]
     0  | 1.716e+04  | 1.197e+06  |     0.20000  |    -1.77385  | +0.000000  | [220.000 220.000 220.000 220.000 220.000 220.000 220.000 220.000 220.000 220.000 220.000 220.000 220.000 220.000 220.000   0.000   0.000   0.000   0.000   0.000   0.000   0.000   0.000   0.000   0.000   0.000   0.000   0.000   0.000   0.000]  | 
     1  | 5.132e+03  | 1.078e+06  |     0.20000  |    -2.03736  | +0.000000  | [252.358 252.346 245.736 213.824 255.603 220.712 250.988 227.295 224.496 229.158 223.094 254.125 219.079 247.658 219.031  -5.388  -5.442  -4.542   4.272  -5.516   0.339  -5.125  -2.634  -1.374  -3.193  -0.697  -5.058   1.026  -4.727  -2.540]  | 
     2  | 1.611e+03  | 9.989e+05  |     0.20000  |    -4.09832  | +0.000000  | [274.998 274.990 266.356 204.631 280.653 226.516 273.103 239.341 234.439 242.152 231.265 290.870 222.147 268.981 226.203 -10.072 -10.106  -8.949   8.839 -10.860  -0.691  -9.700  -5.495  -3.642  -6.119  -2.252 -12.446   0.890  -9.241  -6.607]  | 
     3  | 8.934e+02  | 9.443e+05  |     0.20000  |   -12.73787  | +0.000000  | [291.448 291.439 283.061 186.957 298.165 235.484 289.190 254.790 248.065 257.514 242.244 310.043 226.744 285.663 249.603 -14.253 -14.288 -13.123  13.366 -15.337  -3.096 -13.781  -9.259  -7.019  -9.868  -5.024 -17.629  -0.592 -13.426 -12.109]  | 
     4  | 3.060e+03  | 8.060e+05  |     0.20000  |   -29.83495  | +0.000000  | [302.899 302.891 295.423 110.836 310.133 235.948 300.449 267.394 257.730 269.681 246.562 322.896 216.074 297.837 276.503 -16.877 -16.911 -16.230  21.706 -18.038  -6.501 -16.383 -13.244 -10.976 -13.743  -8.552 -20.538  -2.958 -16.402 -16.930]  | 
        |            |            |     0.40000  |              |            |                                                                                                                                                                                                                                                    | 
        |            |            |     0.80000  |              |            |                                                                                                                                                                                                                                                    | 
     5  | 4.317e+03  | 5.149e+05  |     0.80000  |    -4.70365  | +0.025142  | [307.277 307.269 301.258  35.392 314.403 240.629 304.842 275.992 266.009 277.921 252.716 326.957 212.087 303.277 286.436 -17.510 -17.542 -17.161  23.382 -18.648  -9.186 -17.028 -14.969 -13.025 -15.398 -10.870 -21.179  -5.922 -17.246 -18.207]  | 
     6  | 2.563e+03  | 2.368e+05  |     0.80000  |    -1.30219  | +0.003001  | [313.244 313.236 308.625 -33.837 320.357 244.154 310.772 285.467 274.440 287.030 258.258 332.528 207.338 310.287 300.617 -17.967 -17.999 -17.944  17.186 -19.067 -12.179 -17.505 -16.648 -15.094 -17.008 -13.369 -21.615  -9.903 -17.931 -19.316]  | 
     7  | 1.263e+03  | 1.617e+05  |     0.80000  |    -0.93537  | +0.002000  | [322.751 322.743 318.434 -52.977 330.454 247.397 320.076 294.644 281.904 296.034 263.186 343.323 206.836 320.056 319.034 -18.590 -18.621 -19.162   9.778 -19.592 -16.091 -18.159 -19.328 -18.207 -19.567 -16.856 -21.993 -14.458 -18.974 -21.431]  | 
     8  | 9.480e+02  | 1.246e+05  |     0.80000  |    -0.71713  | +0.002000  | [331.468 331.460 327.477 -55.188 339.727 253.911 328.622 303.583 290.130 304.882 270.369 353.833 211.848 329.026 332.119 -19.467 -19.497 -20.725   6.843 -20.364 -20.044 -19.066 -22.491 -21.716 -22.576 -20.538 -22.473 -18.471 -20.340 -24.601]  | 
     9  | 7.970e+02  | 9.703e+04  |     0.80000  |    -0.53276  | +0.003001  | [338.735 338.727 335.359 -53.941 347.361 261.628 335.775 312.238 298.580 313.418 278.346 362.372 218.664 336.745 342.629 -20.694 -20.724 -22.568   5.643 -21.525 -23.645 -20.311 -25.708 -25.151 -25.644 -23.995 -23.388 -21.893 -22.010 -28.307]  | 
    10  | 6.675e+02  | 7.578e+04  |     0.80000  |    -0.36609  | +0.003069  | [344.923 344.916 342.272 -51.852 353.808 269.206 341.882 320.287 306.590 321.330 286.054 369.423 225.532 343.462 351.965 -22.283 -22.312 -24.675   5.080 -23.097 -26.976 -21.902 -28.909 -28.479 -28.718 -27.263 -24.831 -24.953 -23.973 -32.182]  | 
    11  | 5.453e+02  | 5.986e+04  |     0.80000  |    -0.21541  | +0.000000  | [350.257 350.249 348.311 -49.692 359.342 276.098 347.150 327.495 313.804 328.401 293.029 375.396 231.821 349.308 360.272 -24.200 -24.228 -27.029   4.773 -25.041 -30.169 -23.808 -32.121 -31.760 -31.828 -30.446 -26.763 -27.833 -26.207 -36.080]  | 
    12  | 4.328e+02  | 4.843e+04  |     0.80000  |    -0.08232  | +0.000000  | [354.807 354.799 353.483 -47.720 364.057 282.065 351.646 333.713 320.035 334.496 299.062 380.457 237.277 354.311 367.438 -26.405 -26.433 -29.616   4.594 -27.308 -33.334 -25.992 -35.404 -35.074 -35.024 -33.636 -29.111 -30.656 -28.691 -40.011]  | 
    13  | 3.347e+02  | 4.056e+04  |     0.80000  |     0.03119  | +0.000000  | [358.568 358.560 357.758 -46.030 367.955 286.990 355.362 338.847 325.179 339.529 304.042 384.634 241.781 358.446 373.352 -28.865 -28.893 -32.430   4.502 -29.854 -36.559 -28.423 -38.817 -38.492 -38.362 -36.912 -31.807 -33.510 -31.410 -44.046]  | 
    14  | 2.558e+02  | 3.528e+04  |     0.80000  |     0.12345  | +0.000000  | [361.512 361.505 361.098 -44.661 371.008 290.815 358.271 342.840 329.179 343.445 307.912 387.906 245.279 361.678 377.946 -31.552 -31.579 -35.462   4.481 -32.646 -39.905 -31.076 -42.404 -42.067 -41.878 -40.327 -34.791 -36.451 -34.350 -48.252]  | 
    15  | 1.990e+02  | 3.171e+04  |     0.80000  |     0.19386  | +0.000000  | [363.634 363.627 363.499 -43.620 373.211 293.541 360.367 345.692 332.032 346.242 310.673 390.269 247.771 364.002 381.221 -34.420 -34.447 -38.678   4.523 -35.630 -43.379 -33.905 -46.159 -45.799 -45.564 -43.885 -37.996 -39.490 -37.474 -52.637]  | 
    16  | 1.631e+02  | 2.915e+04  |     0.80000  |     0.24380  | +0.000000  | [364.996 364.988 365.033 -42.881 374.626 295.263 361.712 347.497 333.837 348.013 312.419 391.790 249.344 365.490 383.286 -37.390 -37.417 -42.000   4.620 -38.722 -46.928 -36.835 -50.015 -49.624 -49.352 -47.526 -41.322 -42.581 -40.702 -57.133]  | 
    17  | 1.427e+02  | 2.712e+04  |     0.80000  |     0.27688  | +0.000000  | [365.738 365.729 365.861 -42.387 375.399 296.170 362.444 348.454 334.791 348.953 313.341 392.623 250.174 366.294 384.371 -40.375 -40.401 -45.334   4.759 -41.830 -50.469 -39.779 -53.876 -53.450 -53.146 -51.164 -44.665 -45.657 -43.943 -61.633]  | 
    18  | 1.312e+02  | 2.537e+04  |     0.80000  |     0.29771  | +0.000000  | [366.028 366.019 366.178 -42.071 375.704 296.490 362.729 348.796 335.130 349.289 313.668 392.956 250.467 366.603 384.747 -43.315 -43.342 -48.618   4.927 -44.891 -53.945 -42.679 -57.675 -57.212 -56.879 -54.739 -47.959 -48.671 -47.135 -66.061]  | 
    19  | 1.241e+02  | 2.378e+04  |     0.80000  |     0.31032  | +0.000000  | [366.013 366.004 366.147 -41.873 375.693 296.412 362.714 348.723 335.053 349.218 313.594 392.949 250.399 366.577 384.644 -46.188 -46.214 -51.825   5.112 -47.882 -57.334 -45.512 -61.385 -60.884 -60.524 -58.226 -51.175 -51.605 -50.253 -70.384]  | 
    20  | 1.188e+02  | 2.231e+04  |     0.80000  |     0.31770  | +0.000000  | [365.798 365.789 365.890 -41.749 375.474 296.076 362.501 348.378 334.705 348.881 313.257 392.721 250.096 366.332 384.227 -48.988 -49.014 -54.951   5.309 -50.797 -60.634 -48.274 -64.999 -64.461 -64.077 -61.623 -54.310 -54.458 -53.292 -74.599]  | 
    21  | 1.144e+02  | 2.091e+04  |     0.80000  |     0.32179  | +0.015635  | [365.453 365.444 365.485 -41.671 375.121 295.571 362.159 347.856 334.179 348.370 312.749 392.348 249.638 365.943 383.605 -51.719 -51.745 -58.000   5.511 -53.641 -63.849 -50.968 -68.525 -67.948 -67.541 -64.934 -57.367 -57.236 -56.256 -78.709]  | 
    22  | 1.103e+02  | 1.959e+04  |     0.80000  |     0.32385  | +0.000000  | [365.021 365.012 364.982 -41.622 374.677 294.954 361.731 347.216 333.535 347.744 312.127 391.879 249.080 365.459 382.847 -54.385 -54.412 -60.977   5.716 -56.417 -66.986 -53.598 -71.965 -71.352 -70.923 -68.164 -60.351 -59.945 -59.151 -82.721]  | 
    23  | 1.064e+02  | 1.834e+04  |     0.80000  |     0.32463  | +0.000000  | [364.530 364.521 364.412 -41.591 374.173 294.260 361.246 346.496 332.810 347.038 311.428 391.345 248.454 364.910 381.995 -56.992 -57.018 -63.886   5.922 -59.130 -70.050 -56.168 -75.327 -74.678 -74.227 -71.320 -63.268 -62.589 -61.979 -86.641]  | 
    24  | 1.027e+02  | 1.716e+04  |     0.80000  |     0.32462  | +0.015630  | [363.998 363.988 363.794 -41.570 373.625 293.513 360.719 345.719 332.029 346.277 310.674 390.765 247.779 364.315 381.076 -59.540 -59.567 -66.731   6.128 -61.784 -73.044 -58.682 -78.614 -77.928 -77.457 -74.403 -66.121 -65.172 -64.745 -90.474]  | 
    25  | 9.901e+01  | 1.604e+04  |     0.80000  |     0.32410  | +0.000000  | [363.434 363.424 363.140 -41.557 373.046 292.726 360.161 344.899 331.205 345.474 309.879 390.150 247.070 363.686 380.108 -62.034 -62.060 -69.514   6.332 -64.380 -75.970 -61.141 -81.827 -81.106 -80.616 -77.418 -68.912 -67.696 -67.451 -94.221]  | 
    26  | 9.544e+01  | 1.497e+04  |     0.80000  |     0.32324  | +0.000000  | [362.847 362.837 362.460 -41.547 372.442 291.909 359.581 344.047 330.350 344.640 309.054 389.509 246.333 363.031 379.103 -64.474 -64.500 -72.237   6.534 -66.921 -78.831 -63.548 -84.970 -84.213 -83.705 -80.366 -71.643 -70.162 -70.098 -97.885]  | 
    27  | 9.195e+01  | 1.397e+04  |     0.80000  |     0.32215  | +0.000000  | [362.241 362.231 361.758 -41.541 371.818 291.067 358.981 343.169 329.468 343.780 308.204 388.847 245.576 362.355 378.067 -66.862 -66.888 -74.901   6.735 -69.407 -81.628 -65.902 -88.044 -87.252 -86.726 -83.248 -74.316 -72.573 -72.688 -101.469]  | 
    28  | 8.855e+01  | 1.302e+04  |     0.80000  |     0.32089  | +0.015620  | [361.619 361.609 361.039 -41.536 371.178 290.206 358.366 342.270 328.565 342.900 307.334 388.168 244.802 361.662 377.006 -69.197 -69.223 -77.506   6.933 -71.840 -84.361 -68.206 -91.049 -90.223 -89.680 -86.066 -76.931 -74.929 -75.221 -104.972]  | 
    29  | 8.523e+01  | 1.212e+04  |     0.80000  |     0.31950  | +0.000000  | [360.985 360.974 360.304 -41.533 370.524 289.329 357.738 341.353 327.645 342.002 306.447 387.474 244.013 360.955 375.924 -71.482 -71.508 -80.054   7.129 -74.219 -87.033 -70.459 -93.986 -93.127 -92.568 -88.819 -79.490 -77.231 -77.699 -108.396]  | 
    30  | 8.199e+01  | 1.128e+04  |     0.80000  |     0.31801  | +0.000000  | [360.339 360.328 359.557 -41.531 369.859 288.438 357.099 340.421 326.709 341.089 305.546 386.768 243.213 360.235 374.825 -73.717 -73.742 -82.545   7.322 -76.546 -89.642 -72.663 -96.857 -95.964 -95.390 -91.510 -81.992 -79.478 -80.122 -111.742]  | 
    31  | 7.883e+01  | 1.048e+04  |     0.80000  |     0.31644  | +0.000000  | [359.683 359.672 358.799 -41.530 369.184 287.535 356.450 339.476 325.761 340.164 304.632 386.052 242.403 359.505 373.711 -75.901 -75.927 -84.980   7.513 -78.821 -92.191 -74.817 -99.661 -98.736 -98.147 -94.138 -84.438 -81.673 -82.490 -115.011]  | 
    32  | 7.574e+01  | 9.728e+03  |     0.80000  |     0.31480  | +0.015616  | [359.020 359.009 358.032 -41.529 368.501 286.623 355.794 338.521 324.803 339.228 303.710 385.327 241.585 358.766 372.584 -78.036 -78.061 -87.359   7.702 -81.044 -94.680 -76.922 -102.401 -101.443 -100.840 -96.704 -86.829 -83.816 -84.804 -118.204]  | 
    33  | 7.274e+01  | 9.020e+03  |     0.80000  |     0.31310  | +0.000000  | [358.350 358.339 357.257 -41.529 367.811 285.703 355.131 337.557 323.836 338.284 302.778 384.594 240.760 358.020 371.447 -80.121 -80.147 -89.683   7.888 -83.217 -97.109 -78.979 -105.075 -104.085 -103.469 -99.209 -89.165 -85.907 -87.064 -121.320]  | 
    34  | 6.982e+01  | 8.354e+03  |     0.80000  |     0.31135  | +0.000000  | [357.675 357.663 356.477 -41.530 367.115 284.776 354.463 336.585 322.862 337.334 301.841 383.855 239.931 357.268 370.302 -82.158 -82.184 -91.953   8.071 -85.339 -99.479 -80.987 -107.685 -106.664 -106.036 -101.653 -91.448 -87.946 -89.272 -124.362]  | 
    35  | 6.697e+01  | 7.729e+03  |     0.80000  |     0.30955  | +0.000000  | [356.995 356.984 355.692 -41.530 366.415 283.846 353.791 335.609 321.883 336.378 300.899 383.112 239.098 356.511 369.151 -84.148 -84.173 -94.168   8.252 -87.411 -101.791 -82.949 -110.232 -109.180 -108.540 -104.038 -93.677 -89.935 -91.427 -127.329]  | 
    36  | 6.420e+01  | 7.141e+03  |     0.80000  |     0.30771  | +0.000000  | [356.313 356.301 354.903 -41.532 365.712 282.912 353.116 334.629 320.900 335.418 299.953 382.365 238.262 355.751 367.995 -86.089 -86.115 -96.330   8.430 -89.433 -104.045 -84.863 -112.717 -111.634 -110.983 -106.364 -95.852 -91.873 -93.530 -130.224]  | 
    37  | 6.150e+01  | 6.590e+03  |     0.80000  |     0.30585  | +0.000000  | [355.628 355.616 354.112 -41.533 365.006 281.976 352.439 333.647 319.915 334.457 299.006 381.616 237.426 354.989 366.837 -87.984 -88.009 -98.439   8.606 -91.407 -106.242 -86.731 -115.139 -114.027 -113.365 -108.631 -97.976 -93.763 -95.582 -133.045]  | 
    38  | 5.888e+01  | 6.074e+03  |     0.80000  |     0.30395  | +0.000000  | [354.943 354.931 353.321 -41.535 364.300 281.041 351.761 332.664 318.930 333.494 298.058 380.866 236.589 354.227 365.678 -89.831 -89.857 -100.496   8.779 -93.332 -108.383 -88.553 -117.501 -116.359 -115.687 -110.840 -100.047 -95.603 -97.583 -135.796]  | 
    39  | 5.633e+01  | 5.591e+03  |     0.80000  |     0.30203  | +0.000000  | [354.257 354.245 352.529 -41.537 363.593 280.106 351.083 331.682 317.945 332.533 297.111 380.115 235.754 353.464 364.520 -91.633 -91.659 -102.501   8.949 -95.210 -110.469 -90.330 -119.801 -118.631 -117.949 -112.993 -102.067 -97.395 -99.534 -138.475]  | 
    40  | 5.386e+01  | 5.139e+03  |     0.80000  |     0.30009  | +0.000000  | [353.573 353.561 351.739 -41.538 362.888 279.173 350.406 330.701 316.962 331.573 296.166 379.366 234.921 352.702 363.364 -93.390 -93.415 -104.455   9.117 -97.040 -112.499 -92.062 -122.042 -120.844 -120.153 -115.089 -104.036 -99.140 -101.435 -141.085]  | 
    41  | 5.146e+01  | 4.717e+03  |     0.80000  |     0.29814  | +0.000000  | [352.890 352.878 350.951 -41.541 362.184 278.244 349.730 329.724 315.983 330.616 295.224 378.619 234.091 351.943 362.212 -95.101 -95.126 -106.358   9.282 -98.823 -114.476 -93.749 -124.225 -122.998 -122.299 -117.130 -105.955 -100.838 -103.288 -143.627]  | 
    42  | 4.912e+01  | 4.323e+03  |     0.80000  |     0.29618  | +0.000000  | [352.210 352.198 350.166 -41.543 361.484 277.319 349.058 328.752 315.008 329.664 294.287 377.874 233.266 351.187 361.065 -96.768 -96.793 -108.212   9.444 -100.561 -116.400 -95.392 -126.349 -125.095 -124.388 -119.115 -107.825 -102.490 -105.092 -146.100]  | 
    43  | 4.686e+01  | 3.956e+03  |     0.80000  |     0.29422  | +0.000000  | [351.534 351.522 349.386 -41.545 360.787 276.400 348.389 327.784 314.039 328.717 293.356 377.134 232.446 350.435 359.925 -98.391 -98.416 -110.017   9.604 -102.252 -118.270 -96.993 -128.416 -127.135 -126.421 -121.047 -109.645 -104.096 -106.848 -148.506]  | 
    44  | 4.467e+01  | 3.614e+03  |     0.80000  |     0.29225  | +0.000000  | [350.862 350.850 348.610 -41.547 360.094 275.488 347.725 326.824 313.077 327.777 292.431 376.398 231.633 349.687 358.793 -99.971 -99.996 -111.773   9.760 -103.899 -120.089 -98.550 -130.426 -129.119 -128.398 -122.926 -111.417 -105.658 -108.557 -150.846]  | 
    45  | 4.254e+01  | 3.296e+03  |     0.80000  |     0.29029  | +0.015622  | [350.196 350.183 347.841 -41.549 359.407 274.583 347.065 325.871 312.122 326.844 291.514 375.668 230.826 348.946 357.670 -101.508 -101.533 -113.481   9.914 -105.501 -121.857 -100.065 -132.380 -131.047 -130.320 -124.752 -113.142 -107.175 -110.219 -153.121]  | 
    46  | 4.048e+01  | 3.001e+03  |     0.80000  |     0.28834  | +0.000000  | [349.535 349.522 347.079 -41.551 358.726 273.687 346.412 324.928 311.177 325.920 290.605 374.944 230.028 348.211 356.558 -103.002 -103.027 -115.141  10.065 -107.059 -123.575 -101.539 -134.279 -132.921 -132.188 -126.526 -114.819 -108.648 -111.836 -155.331]  | 
    47  | 3.849e+01  | 2.727e+03  |     0.80000  |     0.28639  | +0.000000  | [348.881 348.868 346.324 -41.553 358.051 272.800 345.764 323.994 310.241 325.006 289.706 374.228 229.238 347.484 355.457 -104.455 -104.480 -116.755  10.213 -108.573 -125.243 -102.971 -136.124 -134.742 -134.003 -128.249 -116.449 -110.079 -113.407 -157.478]  | 
    48  | 3.656e+01  | 2.473e+03  |     0.80000  |     0.28445  | +0.000000  | [348.234 348.221 345.578 -41.555 357.384 271.924 345.125 323.070 309.316 324.102 288.817 373.519 228.457 346.765 354.369 -105.867 -105.892 -118.323  10.358 -110.045 -126.862 -104.363 -137.916 -136.509 -135.765 -129.922 -118.034 -111.467 -114.933 -159.563]  | 
    49  | 3.469e+01  | 2.239e+03  |     0.80000  |     0.28253  | +0.015625  | [347.595 347.582 344.841 -41.557 356.725 271.059 344.493 322.159 308.403 323.210 287.940 372.819 227.687 346.054 353.294 -107.238 -107.263 -119.846  10.500 -111.474 -128.433 -105.714 -139.654 -138.224 -137.476 -131.545 -119.573 -112.814 -116.416 -161.586]  | 
    50  | 3.288e+01  | 2.022e+03  |     0.80000  |     0.28063  | +0.000000  | [346.965 346.951 344.114 -41.559 356.075 270.206 343.869 321.259 307.502 322.329 287.075 372.128 226.928 345.353 352.234 -108.569 -108.594 -121.323  10.640 -112.862 -129.956 -107.026 -141.341 -139.888 -139.135 -133.120 -121.067 -114.120 -117.854 -163.549]  | 
    51  | 3.114e+01  | 1.823e+03  |     0.80000  |     0.27875  | +0.000000  | [346.343 346.330 343.397 -41.561 355.434 269.366 343.254 320.373 306.615 321.462 286.223 371.447 226.180 344.662 351.190 -109.860 -109.885 -122.757  10.776 -114.208 -131.433 -108.299 -142.976 -141.501 -140.744 -134.646 -122.517 -115.385 -119.250 -165.451]  | 
    52  | 2.945e+01  | 1.639e+03  |     0.80000  |     0.27689  | +0.000000  | [345.731 345.718 342.691 -41.563 354.803 268.539 342.649 319.501 305.742 320.608 285.384 370.776 225.444 343.982 350.162 -111.113 -111.138 -124.146  10.909 -115.514 -132.863 -109.534 -144.561 -143.064 -142.303 -136.125 -123.923 -116.610 -120.603 -167.295]  | 
    53  | 2.782e+01  | 1.470e+03  |     0.80000  |     0.27506  | +0.015625  | [345.130 345.116 341.998 -41.564 354.183 267.727 342.054 318.644 304.883 319.769 284.559 370.117 224.721 343.314 349.152 -112.327 -112.351 -125.493  11.039 -116.780 -134.249 -110.730 -146.096 -144.578 -143.813 -137.557 -125.286 -117.797 -121.914 -169.080]  | 
    54  | 2.625e+01  | 1.315e+03  |     0.80000  |     0.27326  | +0.000000  | [344.539 344.525 341.316 -41.565 353.573 266.929 341.469 317.802 304.040 318.945 283.750 369.469 224.012 342.657 348.159 -113.502 -113.527 -126.797  11.166 -118.006 -135.589 -111.889 -147.582 -146.043 -145.276 -138.943 -126.606 -118.945 -123.184 -170.809]  | 
    55  | 2.474e+01  | 1.173e+03  |     0.80000  |     0.27148  | +0.000000  | [343.959 343.945 340.648 -41.567 352.975 266.147 340.896 316.976 303.213 318.136 282.956 368.833 223.316 342.012 347.186 -114.640 -114.665 -128.059  11.290 -119.193 -136.886 -113.011 -149.020 -147.460 -146.690 -140.284 -127.885 -120.055 -124.413 -172.481]  | 
    56  | 2.328e+01  | 1.044e+03  |     0.80000  |     0.26974  | +0.000000  | [343.390 343.376 339.993 -41.568 352.389 265.380 340.333 316.167 302.403 317.344 282.178 368.210 222.635 341.381 346.232 -115.741 -115.766 -129.280  11.411 -120.341 -138.139 -114.096 -150.410 -148.830 -148.058 -141.580 -129.121 -121.127 -125.602 -174.097]  | 
    57  | 2.187e+01  | 9.259e+02  |     0.80000  |     0.26803  | +0.000000  | [342.834 342.820 339.351 -41.569 351.815 264.630 339.783 315.375 301.610 316.569 281.417 367.601 221.968 340.762 345.299 -116.806 -116.830 -130.460  11.528 -121.451 -139.349 -115.145 -151.753 -150.154 -149.379 -142.832 -130.317 -122.163 -126.752 -175.658]  | 
    58  | 2.052e+01  | 8.186e+02  |     0.80000  |     0.26636  | +0.000000  | [342.290 342.276 338.724 -41.570 351.254 263.897 339.245 314.601 300.836 315.811 280.673 367.004 221.317 340.158 344.387 -117.834 -117.859 -131.600  11.643 -122.524 -140.517 -116.159 -153.049 -151.432 -150.655 -144.040 -131.473 -123.162 -127.862 -177.166]  | 
    59  | 1.922e+01  | 7.213e+02  |     0.80000  |     0.26472  | +0.000000  | [341.759 341.745 338.112 -41.570 350.706 263.182 338.720 313.846 300.079 315.071 279.947 366.422 220.681 339.568 343.497 -118.827 -118.851 -132.700  11.754 -123.559 -141.644 -117.137 -154.300 -152.664 -151.886 -145.206 -132.588 -124.126 -128.933 -178.620]  | 
    60  | 1.797e+01  | 6.332e+02  |     0.80000  |     0.26312  | +0.015625  | [341.241 341.227 337.515 -41.571 350.172 262.484 338.207 313.109 299.342 314.350 279.239 365.854 220.062 338.992 342.628 -119.784 -119.809 -133.761  11.862 -124.558 -142.730 -118.081 -155.505 -153.852 -153.072 -146.329 -133.664 -125.055 -129.967 -180.021]  | 
    61  | 1.676e+01  | 5.538e+02  |     0.80000  |     0.26156  | +0.000000  | [340.737 340.722 336.934 -41.572 349.652 261.805 337.708 312.392 298.623 313.648 278.549 365.301 219.458 338.432 341.783 -120.707 -120.731 -134.783  11.967 -125.520 -143.775 -118.990 -156.667 -154.996 -154.215 -147.411 -134.701 -125.949 -130.962 -181.371]  | 
    62  | 1.561e+01  | 4.823e+02  |     0.80000  |     0.26004  | +0.000000  | [340.246 340.231 336.368 -41.572 349.145 261.145 337.223 311.694 297.925 312.965 277.879 364.763 218.872 337.887 340.961 -121.595 -121.619 -135.766  12.068 -126.447 -144.781 -119.865 -157.784 -156.097 -155.314 -148.452 -135.699 -126.808 -131.921 -182.670]  | 
    63  | 1.451e+01  | 4.181e+02  |     0.80000  |     0.25857  | +0.000000  | [339.769 339.755 335.819 -41.572 348.654 260.504 336.752 311.017 297.247 312.302 277.229 364.240 218.303 337.357 340.163 -122.449 -122.474 -136.712  12.167 -127.338 -145.747 -120.707 -158.858 -157.155 -156.371 -149.452 -136.660 -127.634 -132.842 -183.918]  | 
    64  | 1.345e+01  | 3.608e+02  |     0.80000  |     0.25714  | +0.017020  | [339.307 339.293 335.287 -41.572 348.177 259.883 336.295 310.360 296.590 311.659 276.598 363.733 217.751 336.844 339.389 -123.270 -123.294 -137.621  12.262 -128.194 -146.675 -121.516 -159.889 -158.171 -157.386 -150.412 -137.582 -128.427 -133.727 -185.116]  | 
    65  | 1.244e+01  | 3.098e+02  |     0.80000  |     0.25575  | +0.006001  | [338.860 338.845 334.771 -41.573 347.715 259.282 335.852 309.724 295.954 311.037 275.987 363.243 217.217 336.347 338.640 -124.057 -124.082 -138.493  12.353 -129.016 -147.564 -122.292 -160.878 -159.145 -158.360 -151.333 -138.468 -129.187 -134.577 -186.266]  | 
    66  | 1.147e+01  | 2.645e+02  |     0.80000  |     0.25441  | +0.005088  | [338.427 338.412 334.273 -41.573 347.269 258.701 335.424 309.110 295.339 310.435 275.397 362.768 216.702 335.866 337.916 -124.812 -124.836 -139.328  12.442 -129.803 -148.416 -123.036 -161.825 -160.079 -159.292 -152.215 -139.316 -129.915 -135.391 -187.366]  | 
    67  | 1.055e+01  | 2.246e+02  |     0.80000  |     0.25311  | +0.000000  | [338.010 337.995 333.792 -41.573 346.839 258.140 335.011 308.517 294.745 309.855 274.828 362.311 216.204 335.403 337.217 -125.534 -125.559 -140.127  12.527 -130.557 -149.231 -123.748 -162.732 -160.971 -160.184 -153.058 -140.129 -130.611 -136.170 -188.419]  | 
    68  | 9.675e+00  | 1.894e+02  |     0.80000  |     0.25186  | +0.000000  | [337.608 337.593 333.329 -41.572 346.424 257.600 334.614 307.946 294.174 309.296 274.280 361.870 215.725 334.956 336.545 -126.224 -126.249 -140.891  12.608 -131.277 -150.009 -124.428 -163.597 -161.824 -161.036 -153.864 -140.905 -131.275 -136.914 -189.425]  | 
    69  | 8.840e+00  | 1.586e+02  |     0.80000  |     0.25066  | +0.000000  | [337.222 337.207 332.884 -41.572 346.025 257.082 334.232 307.397 293.625 308.759 273.753 361.446 215.265 334.527 335.898 -126.883 -126.907 -141.620  12.687 -131.964 -150.751 -125.077 -164.423 -162.637 -161.849 -154.632 -141.645 -131.909 -137.624 -190.384]  | 
    70  | 8.047e+00  | 1.319e+02  |     0.80000  |     0.24951  | +0.000000  | [336.851 336.836 332.457 -41.572 345.643 256.584 333.865 306.871 293.099 308.244 273.248 361.040 214.824 334.116 335.279 -127.510 -127.534 -142.314  12.761 -132.619 -151.457 -125.695 -165.209 -163.410 -162.622 -155.363 -142.351 -132.512 -138.300 -191.297]  | 
    71  | 7.295e+00  | 1.087e+02  |     0.80000  |     0.24841  | +0.000000  | [336.496 336.481 332.049 -41.572 345.277 256.109 333.515 306.368 292.595 307.751 272.765 360.651 214.402 333.722 334.685 -128.106 -128.130 -142.973  12.833 -133.241 -152.128 -126.282 -165.955 -164.145 -163.357 -156.058 -143.021 -133.084 -138.943 -192.164]  | 
    72  | 6.584e+00  | 8.881e+01  |     0.80000  |     0.24736  | +0.000000  | [336.158 336.143 331.659 -41.571 344.928 255.655 333.180 305.888 292.115 307.281 272.303 360.280 213.999 333.346 334.120 -128.671 -128.696 -143.598  12.901 -133.831 -152.763 -126.839 -166.663 -164.842 -164.054 -156.716 -143.657 -133.627 -139.552 -192.986]  | 
    73  | 5.913e+00  | 7.183e+01  |     0.80000  |     0.24635  | +0.000000  | [335.836 335.821 331.288 -41.571 344.596 255.223 332.861 305.431 291.657 306.833 271.865 359.926 213.616 332.988 333.581 -129.206 -129.231 -144.190  12.966 -134.389 -153.364 -127.366 -167.332 -165.501 -164.713 -157.339 -144.259 -134.139 -140.128 -193.764]  | 
    74  | 5.281e+00  | 5.745e+01  |     0.80000  |     0.24540  | +0.000000  | [335.530 335.515 330.936 -41.570 344.280 254.813 332.559 304.997 291.223 306.409 271.448 359.591 213.252 332.649 333.070 -129.711 -129.735 -144.748  13.027 -134.916 -153.931 -127.864 -167.964 -166.123 -165.334 -157.926 -144.827 -134.623 -140.672 -194.497]  | 
    75  | 4.688e+00  | 4.539e+01  |     0.80000  |     0.24450  | +0.015637  | [335.241 335.226 330.603 -41.570 343.982 254.425 332.273 304.587 290.813 306.007 271.054 359.274 212.908 332.328 332.586 -130.186 -130.210 -145.273  13.085 -135.411 -154.464 -128.331 -168.558 -166.708 -165.919 -158.478 -145.361 -135.078 -141.184 -195.187]  | 
    76  | 4.133e+00  | 3.537e+01  |     0.80000  |     0.24365  | +0.000000  | [334.968 334.953 330.289 -41.570 343.701 254.060 332.003 304.200 290.426 305.629 270.683 358.975 212.584 332.025 332.131 -130.631 -130.655 -145.765  13.139 -135.876 -154.964 -128.770 -169.114 -167.256 -166.467 -158.996 -145.862 -135.504 -141.664 -195.833]  | 
    77  | 3.616e+00  | 2.713e+01  |     0.80000  |     0.24286  | +0.000000  | [334.713 334.697 329.994 -41.569 343.437 253.717 331.750 303.837 290.063 305.273 270.335 358.694 212.281 331.741 331.703 -131.047 -131.071 -146.225  13.190 -136.310 -155.431 -129.180 -169.634 -167.767 -166.979 -159.479 -146.330 -135.902 -142.112 -196.437]  | 
    78  | 3.136e+00  | 2.045e+01  |     0.80000  |     0.24211  | +0.015625  | [334.474 334.458 329.719 -41.569 343.190 253.397 331.514 303.498 289.724 304.942 270.010 358.432 211.997 331.476 331.304 -131.434 -131.458 -146.652  13.238 -136.714 -155.864 -129.561 -170.117 -168.243 -167.455 -159.929 -146.766 -136.272 -142.529 -196.998]  | 
    79  | 2.693e+00  | 1.510e+01  |     0.80000  |     0.24142  | +0.000000  | [334.252 334.236 329.463 -41.568 342.961 253.099 331.294 303.183 289.409 304.633 269.708 358.188 211.733 331.229 330.933 -131.792 -131.816 -147.048  13.282 -137.088 -156.266 -129.914 -170.565 -168.683 -167.895 -160.345 -147.169 -136.614 -142.915 -197.518]  | 
    80  | 2.285e+00  | 1.090e+01  |     0.80000  |     0.24078  | +0.000000  | [334.047 334.031 329.227 -41.568 342.750 252.824 331.091 302.892 289.118 304.349 269.428 357.963 211.489 331.001 330.590 -132.122 -132.146 -147.412  13.323 -137.432 -156.635 -130.239 -170.976 -169.088 -168.300 -160.727 -147.540 -136.929 -143.270 -197.996]  | 
    81  | 1.913e+00  | 7.652e+00  |     0.80000  |     0.24020  | +0.000000  | [333.858 333.843 329.011 -41.567 342.555 252.572 330.905 302.626 288.851 304.087 269.172 357.757 211.266 330.792 330.276 -132.423 -132.447 -147.745  13.360 -137.746 -156.972 -130.536 -171.352 -169.459 -168.671 -161.077 -147.879 -137.217 -143.594 -198.432]  | 
    82  | 1.577e+00  | 5.203e+00  |     0.80000  |     0.23967  | +0.000000  | [333.687 333.672 328.813 -41.567 342.379 252.343 330.736 302.383 288.608 303.850 268.939 357.569 211.063 330.602 329.990 -132.696 -132.720 -148.047  13.394 -138.031 -157.278 -130.805 -171.693 -169.794 -169.006 -161.394 -148.186 -137.478 -143.889 -198.828]  | 
    83  | 1.274e+00  | 3.404e+00  |     0.80000  |     0.23919  | +0.000000  | [333.533 333.518 328.636 -41.567 342.220 252.137 330.584 302.164 288.389 303.636 268.730 357.400 210.880 330.431 329.732 -132.942 -132.966 -148.318  13.425 -138.288 -157.553 -131.047 -172.000 -170.096 -169.308 -161.678 -148.463 -137.712 -144.153 -199.184]  | 
    84  | 1.006e+00  | 2.125e+00  |     0.80000  |     0.23876  | +0.000000  | [333.396 333.380 328.478 -41.566 342.078 251.953 330.448 301.970 288.194 303.445 268.543 357.249 210.717 330.279 329.503 -133.160 -133.184 -148.559  13.452 -138.515 -157.797 -131.262 -172.272 -170.363 -169.576 -161.931 -148.708 -137.920 -144.388 -199.500]  | 
    85  | 7.721e-01  | 1.252e+00  |     0.80000  |     0.23838  | +0.000000  | [333.275 333.260 328.339 -41.566 341.954 251.792 330.329 301.799 288.024 303.278 268.379 357.117 210.574 330.145 329.302 -133.350 -133.375 -148.770  13.476 -138.714 -158.010 -131.450 -172.510 -170.598 -169.810 -162.152 -148.923 -138.102 -144.593 -199.776]  | 
    86  | 5.709e-01  | 6.852e-01  |     0.80000  |     0.23806  | +0.000000  | [333.172 333.156 328.220 -41.566 341.847 251.653 330.226 301.652 287.876 303.134 268.238 357.003 210.451 330.030 329.129 -133.514 -133.539 -148.951  13.497 -138.885 -158.193 -131.611 -172.714 -170.799 -170.012 -162.342 -149.107 -138.258 -144.770 -200.013]  | 
    87  | 4.022e-01  | 3.403e-01  |     0.80000  |     0.23779  | +0.015625  | [333.084 333.069 328.119 -41.565 341.757 251.536 330.140 301.528 287.753 303.013 268.119 356.908 210.347 329.933 328.983 -133.652 -133.676 -149.103  13.514 -139.029 -158.347 -131.747 -172.886 -170.968 -170.180 -162.502 -149.262 -138.389 -144.918 -200.213]  | 
    88  | 2.653e-01  | 1.482e-01  |     0.80000  |     0.23757  | +0.000000  | [333.014 332.998 328.038 -41.565 341.684 251.441 330.070 301.428 287.652 302.915 268.023 356.830 210.263 329.854 328.865 -133.764 -133.788 -149.226  13.528 -139.146 -158.472 -131.857 -173.025 -171.105 -170.318 -162.631 -149.388 -138.496 -145.038 -200.374]  | 
    89  | 1.593e-01  | 5.347e-02  |     0.80000  |     0.23740  | +0.000000  | [332.959 332.943 327.975 -41.565 341.627 251.368 330.015 301.350 287.575 302.839 267.948 356.770 210.198 329.793 328.773 -133.850 -133.874 -149.322  13.539 -139.236 -158.569 -131.942 -173.133 -171.211 -170.424 -162.731 -149.485 -138.578 -145.131 -200.500]  | 
    90  | 8.292e-02  | 1.449e-02  |     0.80000  |     0.23727  | +0.015625  | [332.919 332.903 327.929 -41.565 341.586 251.315 329.976 301.294 287.518 302.784 267.894 356.726 210.151 329.749 328.707 -133.913 -133.937 -149.391  13.546 -139.301 -158.639 -132.003 -173.211 -171.287 -170.500 -162.804 -149.556 -138.638 -145.199 -200.590]  | 
    91  | 3.401e-02  | 2.438e-03  |     0.80000  |     0.23719  | +0.000000  | [332.894 332.878 327.900 -41.565 341.560 251.281 329.951 301.258 287.482 302.748 267.860 356.698 210.121 329.721 328.664 -133.952 -133.977 -149.435  13.552 -139.343 -158.683 -132.043 -173.261 -171.336 -170.550 -162.850 -149.601 -138.676 -145.242 -200.648]  | 
    92  | 8.940e-03  | 1.685e-04  |     0.80000  |     0.23715  | +0.000000  | [332.881 332.865 327.885 -41.565 341.546 251.263 329.938 301.239 287.464 302.730 267.842 356.684 210.105 329.707 328.643 -133.973 -133.997 -149.457  13.554 -139.364 -158.706 -132.063 -173.286 -171.362 -170.575 -162.874 -149.624 -138.695 -145.264 -200.677]  | 
    93  | 9.160e-04  | 1.769e-06  |     0.80000  |     0.23714  | +0.000000  | [332.876 332.861 327.880 -41.565 341.542 251.258 329.934 301.233 287.458 302.724 267.836 356.679 210.100 329.702 328.636 -133.980 -134.004 -149.465  13.555 -139.371 -158.714 -132.069 -173.294 -171.370 -170.583 -162.881 -149.631 -138.701 -145.271 -200.687]  | 
    94  | 1.164e-05  | 2.855e-10  |     0.80000  |     0.23714  | +0.015625  | [332.876 332.860 327.879 -41.565 341.542 251.257 329.934 301.233 287.457 302.724 267.836 356.679 210.100 329.701 328.635 -133.980 -134.004 -149.466  13.555 -139.372 -158.714 -132.070 -173.295 -171.371 -170.584 -162.882 -149.632 -138.702 -145.271 -200.688]  | 
    95  | 5.207e-09  | 7.821e-18  |     0.80000  |     0.23714  | +0.000000  | [332.876 332.860 327.879 -41.565 341.542 251.257 329.934 301.233 287.457 302.724 267.836 356.679 210.100 329.701 328.635 -133.980 -134.004 -149.466  13.555 -139.372 -158.714 -132.070 -173.295 -171.371 -170.584 -162.882 -149.632 -138.702 -145.271 -200.688]  | 


x optimal:                   [3.32875892898e+02 3.32860352559e+02 3.27879223007e+02 -4.15647781522e+01 3.41541632554e+02 2.51256998008e+02 3.29933581363e+02 3.01232801622e+02 2.87457170482e+02 3.02723792332e+02 2.67835772956e+02 3.56678855857e+02 2.10099920905e+02 3.29701375042e+02 3.28634915647e+02 -1.33980276449e+02 -1.34004410770e+02 -1.49465513875e+02 1.35550138952e+01 -1.39371788059e+02 -1.58714375945e+02 -1.32070180675e+02 -1.73295309913e+02 -1.71370589015e+02 -1.70583638561e+02 -1.62882265966e+02 -1.49631906066e+02 -1.38702047411e+02 -1.45271474284e+02 -2.00687939469e+02]
S degree:                    [  8.49291637e-10 +1.53477231e-12j   8.46698711e-10 -4.54747351e-13j   9.25339805e-10 -3.04680725e-11j   1.07791998e-09 -3.64025254e-10j   8.60710614e-10 -8.98126018e-12j   1.14126575e-09 -1.42563295e-10j   8.42145909e-10 -3.97903932e-13j   1.08734843e-09 -1.16585852e-10j   1.11674292e-09 -1.19712240e-10j   1.07449694e-09 -9.78275239e-11j   1.12169507e-09 -1.22554411e-10j   8.88004781e-10 -2.67164069e-11j   1.14227475e-09 -1.62060587e-10j   9.14466280e-10 -1.86446414e-11j   1.17404397e-09 -1.29830369e-10j]
eigen vals, hessian(x_opt):  [2.36940666268e+05 2.34769981517e+05 1.50712950922e+05 1.48986382235e+05 1.20091866166e+05 1.18503083236e+05 1.33991385253e+04 1.31697150798e+04 1.26629645513e+04 1.28437938627e+04 6.53920336959e+03 6.10198482339e+03 3.97955412603e+03 3.69703180898e+03 1.46351924866e+03 1.28887081534e+03 1.21159241227e+03 9.52930236654e+02 1.04043816299e+03 8.09561134057e+02 2.43309250502e+02 1.80506776503e+02 1.61460237223e+02 2.37139099473e-01 6.67272392392e+00 2.20431649568e+01 4.48615584689e+01 1.06862290761e+02 9.20632217031e+01 6.29626227107e+01]
e_min:                       0.237139099473
total_time:                  0.4366908073425293
