 iter   |   grad     |   value    |      M       |    e_min     |   time     |      x[0]    x[1]    x[2]    x[3]  | 
     0  | 5.288e+04  | 2.566e+03  |     0.11000  |    10.65273  | +0.000000  | [110.000 110.000   0.000   0.000]  | 
     1  | 1.132e+04  | 3.151e+02  |     0.11000  |    16.03654  | +0.005990  | [114.912 120.898   0.021   0.051]  | 
     2  | 5.834e+02  | 2.007e+00  |     0.11000  |    14.98739  | +0.002000  | [113.731 118.553   0.001   0.031]  | 
     3  | 4.352e+01  | 1.769e-03  |     0.11000  |    14.88984  | +0.001997  | [113.621 118.347  -0.001   0.029]  | 
     4  | 6.157e-01  | 1.331e-06  |     0.11000  |    14.88965  | +0.002000  | [113.622 118.344  -0.001   0.029]  | 
     5  | 3.489e-02  | 1.009e-09  |     0.11000  |    14.88958  | +0.002002  | [113.621 118.344  -0.001   0.029]  | 
     6  | 4.748e-04  | 7.666e-13  |     0.11000  |    14.88958  | +0.002001  | [113.621 118.344  -0.001   0.029]  | 
     7  | 2.835e-05  | 5.851e-16  |     0.11000  |    14.88958  | +0.002000  | [113.621 118.344  -0.001   0.029]  | 
     8  | 3.729e-07  | 4.494e-19  |     0.11000  |    14.88958  | +0.000000  | [113.621 118.344  -0.001   0.029]  | 
     9  | 2.356e-08  | 3.427e-22  |     0.11000  |    14.88958  | +0.000000  | [113.621 118.344  -0.001   0.029]  | 
    10  | 3.245e-10  | 3.585e-25  |     0.11000  |    14.88958  | +0.000000  | [113.621 118.344  -0.001   0.029]  | 
    11  | 6.651e-11  | 2.250e-26  |     0.11000  |    14.88958  | +0.000000  | [113.621 118.344  -0.001   0.029]  | 




x optimal:                   [1.13621478706e+02 1.18343577738e+02 -8.13166834289e-04 2.87203935469e-02]
S degree:                    [ 15.91159478 -8.24912749j -29.30529287+12.79103549j]
eigen vals, hessian(x_opt):  [2.72997558195e+06 1.97862326245e+05 1.48895783608e+01 2.05310046542e+02]
e_min:                       14.8895783608
total_time:                  0.03215670585632324
