 iter   |   grad     |   value    |      M       |    e_min     |   time     |      x[0]    x[1]    x[2]    x[3]  | 
     0  | 5.288e+04  | 2.566e+03  |     0.11000  |    10.65273  | +0.000000  | [110.000 110.000   0.000   0.000]  | 
     1  | 1.132e+04  | 3.151e+02  |     0.11000  |    16.03654  | +0.000000  | [114.912 120.898   0.021   0.051]  | 
     2  | 5.747e+02  | 2.333e+00  |     0.11000  |    15.03384  | +0.000000  | [113.794 118.608   0.001   0.030]  | 
     3  | 5.845e+01  | 2.233e-03  |     0.11000  |    14.89089  | +0.000000  | [113.623 118.348  -0.001   0.029]  | 
     4  | 9.039e-01  | 1.729e-06  |     0.11000  |    14.88970  | +0.000000  | [113.622 118.344  -0.001   0.029]  | 
     5  | 5.051e-02  | 1.361e-09  |     0.11000  |    14.88958  | +0.000000  | [113.621 118.344  -0.001   0.029]  | 
     6  | 8.293e-04  | 1.089e-12  |     0.11000  |    14.88958  | +0.002010  | [113.621 118.344  -0.001   0.029]  | 
     7  | 4.514e-05  | 8.898e-16  |     0.11000  |    14.88958  | +0.002002  | [113.621 118.344  -0.001   0.029]  | 
     8  | 8.014e-07  | 7.470e-19  |     0.11000  |    14.88958  | +0.001000  | [113.621 118.344  -0.001   0.029]  | 
     9  | 4.195e-08  | 6.493e-22  |     0.11000  |    14.88958  | +0.002001  | [113.621 118.344  -0.001   0.029]  | 
    10  | 8.095e-10  | 5.116e-25  |     0.11000  |    14.88958  | +0.001000  | [113.621 118.344  -0.001   0.029]  | 
    11  | 1.258e-10  | 1.749e-26  |     0.11000  |    14.88958  | +0.002073  | [113.621 118.344  -0.001   0.029]  | 
        |            |            |     0.22000  |              |            |                                    | 
        |            |            |     0.44000  |              |            |                                    | 
        |            |            |     0.88000  |              |            |                                    | 
        |            |            |     1.76000  |              |            |                                    | 
        |            |            |     3.52000  |              |            |                                    | 
        |            |            |     7.04000  |              |            |                                    | 
        |            |            |    14.08000  |              |            |                                    | 
        |            |            |    28.16000  |              |            |                                    | 
        |            |            |    56.32000  |              |            |                                    | 
        |            |            |   112.64000  |              |            |                                    | 
    12  | 1.976e-11  | 5.724e-27  |   112.64000  |    14.88958  | +0.000000  | [113.621 118.344  -0.001   0.029]  | 




x optimal:                   [1.13621478706e+02 1.18343577738e+02 -8.13166834289e-04 2.87203935469e-02]
S degree:                    [ 15.91159478 -8.24912749j -29.30529287+12.79103549j]
eigen vals, hessian(x_opt):  [2.72997558195e+06 1.97862326245e+05 1.48895783611e+01 2.05310046542e+02]
e_min:                       14.8895783611
total_time:                  0.06223273277282715
