 iter   |   grad     |   value    |      M       |    e_min     |   time     |      x[0]    x[1]    x[2]    x[3]  | 
     0  | 6.833e+03  | 2.629e+05  |     0.10000  |   -30.48641  | +0.000000  | [110.000 110.000   0.000   0.000]  | 
        |            |            |     0.20000  |              |            |                                    | 
        |            |            |     0.40000  |              |            |                                    | 
        |            |            |     0.80000  |              |            |                                    | 
        |            |            |     1.60000  |              |            |                                    | 
     1  | 6.299e+03  | 7.527e+04  |     1.60000  |   -17.80726  | +0.097000  | [170.095 112.151 -27.786   5.820]  | 
     2  | 5.627e+02  | 5.894e+03  |     1.60000  |    15.86403  | +0.004000  | [167.600 143.175 -29.378  -5.341]  | 
     3  | 2.172e+02  | 1.178e+03  |     1.60000  |    16.57055  | +0.007000  | [168.381 147.726 -36.448 -14.621]  | 
     4  | 7.647e+01  | 1.701e+02  |     1.60000  |    16.39310  | +0.007000  | [167.519 147.886 -41.135 -19.789]  | 
     5  | 1.911e+01  | 1.105e+01  |     1.60000  |    16.03406  | +0.007000  | [166.642 147.309 -43.364 -22.122]  | 
     6  | 1.916e+00  | 1.111e-01  |     1.60000  |    15.88311  | +0.006000  | [166.305 147.033 -44.042 -22.809]  | 
     7  | 2.352e-02  | 1.667e-05  |     1.60000  |    15.86488  | +0.006000  | [166.265 146.999 -44.116 -22.882]  | 
     8  | 3.517e-06  | 3.616e-13  |     1.60000  |    15.86465  | +0.005000  | [166.265 146.998 -44.117 -22.883]  | 
     9  | 2.724e-11  | 1.977e-18  |     1.60000  |    15.86465  | +0.004000  | [166.265 146.998 -44.117 -22.883]  | 




x optimal:                   [1.66264775727e+02 1.46998198468e+02 -4.41172105023e+01 -2.28830191350e+01]
S degree:                    [ -7.58934249e-10 -1.07957021e-09j  -6.85830059e-10 -1.31993616e-09j]
eigen vals, hessian(x_opt):  [4.53661500040e+02 2.52889784208e+02 4.76672700735e+01 1.58646280482e+01]
e_min:                       15.8646280482
total_time:                  0.15900015831
