 iter   |   grad     |   value    |      M       |    e_min     |   time     |      x[0]    x[1]    x[2]    x[3]  | 
     0  | 6.477e+03  | 2.579e+05  |     0.11000  |   -29.66203  | +0.000000  | [110.000 110.000   0.000   0.000]  | 
        |            |            |     0.22000  |              |            |                                    | 
        |            |            |     0.44000  |              |            |                                    | 
        |            |            |     0.88000  |              |            |                                    | 
     1  | 1.327e+04  | 1.955e+05  |     0.88000  |   -27.69639  | +0.007017  | [187.648 122.623 -36.170   7.822]  | 
     2  | 3.279e+03  | 9.097e+04  |     0.88000  |   -15.77319  | +0.001503  | [163.793 110.626  -1.191  32.900]  | 
        |            |            |     1.76000  |              |            |                                    | 
        |            |            |     3.52000  |              |            |                                    | 
        |            |            |     7.04000  |              |            |                                    | 
        |            |            |    14.08000  |              |            |                                    | 
        |            |            |    28.16000  |              |            |                                    | 
        |            |            |    56.32000  |              |            |                                    | 
        |            |            |   112.64000  |              |            |                                    | 
        |            |            |   225.28000  |              |            |                                    | 
        |            |            |   450.56000  |              |            |                                    | 
        |            |            |   901.12000  |              |            |                                    | 
        |            |            |  1802.24000  |              |            |                                    | 
        |            |            |  3604.48000  |              |            |                                    | 
        |            |            |  7208.96000  |              |            |                                    | 
        |            |            | 14417.92000  |              |            |                                    | 
     3  | 9.383e+02  | 6.308e+04  |     0.03300  |   -33.53284  | +0.024536  | [125.538  55.459 -47.938   3.304]  | 
     4  | 9.465e+02  | 6.044e+04  |     0.03300  |   -35.00801  | +0.001012  | [114.375  71.905 -74.187 -15.607]  | 
     5  | 8.438e+02  | 5.412e+04  |     0.03300  |   -26.97035  | +0.001002  | [ 92.103  65.390 -95.304 -35.489]  | 
     6  | 6.656e+02  | 5.018e+04  |     0.03300  |   -15.22201  | +0.001001  | [ 68.254  59.239 -107.534 -48.530]  | 
     7  | 3.408e+02  | 4.851e+04  |     0.03300  |    -7.15074  | +0.001502  | [ 51.509  61.063 -113.528 -60.965]  | 
        |            |            |     0.06600  |              |            |                                     | 
        |            |            |     0.13200  |              |            |                                     | 
        |            |            |     0.26400  |              |            |                                     | 
        |            |            |     0.52800  |              |            |                                     | 
        |            |            |     1.05600  |              |            |                                     | 
        |            |            |     2.11200  |              |            |                                     | 
        |            |            |     4.22400  |              |            |                                     | 
        |            |            |     8.44800  |              |            |                                     | 
        |            |            |    16.89600  |              |            |                                     | 
     8  | 1.911e+02  | 4.778e+04  |    16.89600  |    -7.83125  | +0.017017  | [ 49.957  59.136 -111.979 -59.345]  | 
     9  | 1.977e+02  | 4.713e+04  |    16.89600  |    -8.00284  | +0.001001  | [ 47.939  57.131 -111.156 -57.663]  | 
    10  | 2.204e+02  | 4.638e+04  |    16.89600  |    -8.02395  | +0.001002  | [ 45.584  55.025 -110.523 -56.054]  | 
    11  | 2.488e+02  | 4.548e+04  |    16.89600  |    -7.97506  | +0.001002  | [ 42.959  52.806 -109.933 -54.465]  | 
    12  | 2.805e+02  | 4.441e+04  |    16.89600  |    -7.88930  | +0.001002  | [ 40.113  50.470 -109.328 -52.833]  | 
    13  | 3.143e+02  | 4.312e+04  |    16.89600  |    -7.81372  | +0.001001  | [ 37.088  48.015 -108.675 -51.102]  | 
    14  | 3.494e+02  | 4.161e+04  |    16.89600  |    -7.85774  | +0.001002  | [ 33.922  45.440 -107.950 -49.222]  | 
    15  | 3.853e+02  | 3.986e+04  |    16.89600  |    -8.28214  | +0.001002  | [ 30.663  42.745 -107.137 -47.149]  | 
    16  | 4.216e+02  | 3.784e+04  |    16.89600  |    -9.47349  | +0.001002  | [ 27.363  39.926 -106.227 -44.837]  | 
    17  | 4.583e+02  | 3.554e+04  |    16.89600  |   -11.40957  | +0.001001  | [ 24.087  36.976 -105.214 -42.239]  | 
    18  | 4.958e+02  | 3.295e+04  |    16.89600  |   -13.56997  | +0.001002  | [ 20.916  33.885 -104.104 -39.306]  | 
    19  | 5.347e+02  | 3.005e+04  |    16.89600  |   -15.43083  | +0.001002  | [ 17.941  30.643 -102.910 -35.989]  | 
    20  | 5.751e+02  | 2.680e+04  |    16.89600  |   -16.51533  | +0.000999  | [ 15.263  27.245 -101.655 -32.253]  | 
    21  | 6.156e+02  | 2.319e+04  |    16.89600  |   -16.33984  | +0.001502  | [ 12.979  23.699 -100.370 -28.089]  | 
    22  | 6.505e+02  | 1.923e+04  |    16.89600  |   -14.49581  | +0.001002  | [ 11.156  20.046 -99.082 -23.532]  | 
    23  | 6.685e+02  | 1.503e+04  |    16.89600  |   -10.93229  | +0.001001  | [  9.820  16.365 -97.813 -18.678]  | 
    24  | 6.544e+02  | 1.082e+04  |    16.89600  |    -6.46213  | +0.001001  | [  8.950  12.781 -96.570 -13.686]  | 
    25  | 5.958e+02  | 6.999e+03  |    16.89600  |    -2.74675  | +0.001002  | [  8.484   9.454 -95.360  -8.772]  | 
    26  | 4.916e+02  | 3.960e+03  |    16.89600  |    -0.54280  | +0.001002  | [  8.339   6.563 -94.197  -4.185]  | 
    27  | 3.570e+02  | 1.929e+03  |    16.89600  |     0.57762  | +0.001002  | [  8.428   4.263 -93.118  -0.177]  | 
    28  | 2.195e+02  | 8.454e+02  |    16.89600  |     1.05250  | +0.001502  | [  8.683   2.645 -92.186   3.045]  | 
    29  | 1.077e+02  | 4.155e+02  |    16.89600  |     1.15878  | +0.001503  | [  9.071   1.697 -91.483   5.347]  | 
    30  | 3.950e+01  | 3.008e+02  |    16.89600  |     1.10036  | +0.001002  | [  9.632   1.273 -91.080   6.702]  | 
    31  | 1.550e+01  | 2.773e+02  |    16.89600  |     1.01994  | +0.001002  | [ 10.417   1.126 -90.985   7.236]  | 
    32  | 1.186e+01  | 2.666e+02  |    16.89600  |     0.96672  | +0.001001  | [ 11.239   1.049 -91.039   7.358]  | 
    33  | 1.093e+01  | 2.575e+02  |    16.89600  |     0.92842  | +0.000996  | [ 12.034   0.981 -91.124   7.370]  | 
    34  | 1.021e+01  | 2.493e+02  |    16.89600  |     0.89630  | +0.001002  | [ 12.803   0.916 -91.209   7.357]  | 
    35  | 9.555e+00  | 2.419e+02  |    16.89600  |     0.86747  | +0.001502  | [ 13.546   0.855 -91.287   7.338]  | 
    36  | 8.938e+00  | 2.352e+02  |    16.89600  |     0.84108  | +0.001502  | [ 14.266   0.798 -91.358   7.319]  | 
    37  | 8.359e+00  | 2.292e+02  |    16.89600  |     0.81680  | +0.001502  | [ 14.963   0.744 -91.421   7.300]  | 
    38  | 7.814e+00  | 2.237e+02  |    16.89600  |     0.79448  | +0.001503  | [ 15.638   0.694 -91.477   7.282]  | 
    39  | 7.302e+00  | 2.187e+02  |    16.89600  |     0.77399  | +0.001502  | [ 16.290   0.647 -91.527   7.264]  | 
    40  | 6.819e+00  | 2.143e+02  |    16.89600  |     0.75523  | +0.001001  | [ 16.921   0.603 -91.571   7.247]  | 
    41  | 6.363e+00  | 2.102e+02  |    16.89600  |     0.73808  | +0.001001  | [ 17.531   0.562 -91.609   7.230]  | 
    42  | 5.933e+00  | 2.066e+02  |    16.89600  |     0.72245  | +0.000997  | [ 18.120   0.524 -91.643   7.214]  | 
    43  | 5.525e+00  | 2.033e+02  |    16.89600  |     0.70824  | +0.001001  | [ 18.689   0.488 -91.672   7.198]  | 
    44  | 5.140e+00  | 2.004e+02  |    16.89600  |     0.69535  | +0.001001  | [ 19.238   0.454 -91.696   7.183]  | 
    45  | 4.775e+00  | 1.978e+02  |    16.89600  |     0.68370  | +0.001002  | [ 19.767   0.423 -91.717   7.169]  | 
    46  | 4.429e+00  | 1.954e+02  |    16.89600  |     0.67319  | +0.001002  | [ 20.277   0.393 -91.735   7.155]  | 
    47  | 4.101e+00  | 1.933e+02  |    16.89600  |     0.66376  | +0.001001  | [ 20.768   0.366 -91.749   7.142]  | 
    48  | 3.790e+00  | 1.915e+02  |    16.89600  |     0.65531  | +0.001503  | [ 21.240   0.340 -91.760   7.129]  | 
    49  | 3.494e+00  | 1.898e+02  |    16.89600  |     0.64779  | +0.001002  | [ 21.693   0.316 -91.768   7.117]  | 
    50  | 3.214e+00  | 1.884e+02  |    16.89600  |     0.64110  | +0.001002  | [ 22.128   0.294 -91.775   7.105]  | 
    51  | 2.948e+00  | 1.871e+02  |    16.89600  |     0.63520  | +0.001001  | [ 22.544   0.273 -91.779   7.094]  | 
    52  | 2.696e+00  | 1.860e+02  |    16.89600  |     0.63001  | +0.001002  | [ 22.943   0.253 -91.781   7.084]  | 
    53  | 2.457e+00  | 1.850e+02  |    16.89600  |     0.62548  | +0.001001  | [ 23.323   0.235 -91.781   7.073]  | 
    54  | 2.231e+00  | 1.841e+02  |    16.89600  |     0.62153  | +0.000999  | [ 23.685   0.218 -91.781   7.064]  | 
    55  | 2.017e+00  | 1.834e+02  |    16.89600  |     0.61813  | +0.001502  | [ 24.030   0.202 -91.779   7.055]  | 
    56  | 1.815e+00  | 1.828e+02  |    16.89600  |     0.61522  | +0.000994  | [ 24.357   0.187 -91.775   7.046]  | 
    57  | 1.625e+00  | 1.822e+02  |    16.89600  |     0.61274  | +0.001002  | [ 24.666   0.174 -91.772   7.038]  | 
    58  | 1.446e+00  | 1.818e+02  |    16.89600  |     0.61066  | +0.001002  | [ 24.958   0.161 -91.767   7.031]  | 
    59  | 1.279e+00  | 1.814e+02  |    16.89600  |     0.60892  | +0.001001  | [ 25.232   0.150 -91.762   7.024]  | 
    60  | 1.122e+00  | 1.811e+02  |    16.89600  |     0.60749  | +0.001502  | [ 25.489   0.139 -91.756   7.017]  | 
    61  | 9.761e-01  | 1.809e+02  |    16.89600  |     0.60632  | +0.001502  | [ 25.729   0.129 -91.750   7.011]  | 
    62  | 8.409e-01  | 1.807e+02  |    16.89600  |     0.60539  | +0.001014  | [ 25.952   0.120 -91.744   7.005]  | 
    63  | 7.163e-01  | 1.805e+02  |    16.89600  |     0.60466  | +0.001001  | [ 26.157   0.112 -91.739   7.000]  | 
    64  | 6.022e-01  | 1.804e+02  |    16.89600  |     0.60409  | +0.001002  | [ 26.345   0.105 -91.733   6.996]  | 
    65  | 4.985e-01  | 1.803e+02  |    16.89600  |     0.60367  | +0.001001  | [ 26.516   0.098 -91.727   6.991]  | 
    66  | 4.050e-01  | 1.802e+02  |    16.89600  |     0.60336  | +0.000997  | [ 26.671   0.092 -91.722   6.987]  | 
    67  | 3.217e-01  | 1.802e+02  |    16.89600  |     0.60314  | +0.000997  | [ 26.808   0.087 -91.717   6.984]  | 
    68  | 2.485e-01  | 1.801e+02  |    16.89600  |     0.60299  | +0.000986  | [ 26.929   0.083 -91.712   6.981]  | 
    69  | 1.853e-01  | 1.801e+02  |    16.89600  |     0.60290  | +0.000995  | [ 27.034   0.079 -91.708   6.978]  | 
    70  | 1.320e-01  | 1.801e+02  |    16.89600  |     0.60284  | +0.001002  | [ 27.122   0.076 -91.705   6.976]  | 
    71  | 8.836e-02  | 1.801e+02  |    16.89600  |     0.60281  | +0.001002  | [ 27.194   0.073 -91.702   6.974]  | 
    72  | 5.419e-02  | 1.801e+02  |    16.89600  |     0.60280  | +0.001502  | [ 27.251   0.071 -91.700   6.973]  | 
    73  | 2.913e-02  | 1.801e+02  |    16.89600  |     0.60280  | +0.001001  | [ 27.292   0.070 -91.698   6.972]  | 
    74  | 1.263e-02  | 1.801e+02  |    16.89600  |     0.60280  | +0.001512  | [ 27.319   0.069 -91.697   6.971]  | 
    75  | 3.701e-03  | 1.801e+02  |    16.89600  |     0.60280  | +0.001503  | [ 27.334   0.068 -91.696   6.971]  | 
    76  | 4.810e-04  | 1.801e+02  |    16.89600  |     0.60281  | +0.001012  | [ 27.339   0.068 -91.696   6.971]  | 
    77  | 1.028e-05  | 1.801e+02  |    16.89600  |     0.60281  | +0.001492  | [ 27.340   0.068 -91.696   6.971]  | 
    78  | 4.899e-09  | 1.801e+02  |    16.89600  |     0.60281  | +0.001502  | [ 27.340   0.068 -91.696   6.971]  | 
        |            |            |    33.79200  |              |            |                                    | 
        |            |            |    67.58400  |              |            |                                    | 
    79  | 1.181e-12  | 1.801e+02  |    67.58400  |     0.60281  | +0.003999  | [ 27.340   0.068 -91.696   6.971]  | 




x optimal:                   [2.73400496740e+01 6.77722041816e-02 -9.16959475903e+01 6.97076868710e+00]
S degree:                    [ 15.80813153-3.43791222j   3.60801024-9.24263168j]
eigen vals, hessian(x_opt):  [2.34398359801e+02 6.02805539413e-01 6.77436539210e+01 5.13498705928e+01]
e_min:                       0.602805539413
total_time:                  0.2533872127532959
