  iter |       grad |      value |  vector
     1 |  6.833e+03 |  2.629e+05 |  [    110.000     110.000       0.000       0.000]
     2 |  1.535e+03 |  3.913e+04 |  [    156.869     108.861     -22.358       5.435]
     3 |  8.810e+02 |  1.629e+04 |  [    159.501     128.324     -28.433      -1.934]
     4 |  5.401e+02 |  4.568e+03 |  [    164.265     140.193     -33.959     -10.218]
     5 |  2.133e+02 |  7.944e+02 |  [    166.743     145.889     -38.651     -16.616]
     6 |  6.256e+01 |  9.762e+01 |  [    166.961     147.305     -41.901     -20.506]
     7 |  1.474e+01 |  6.532e+00 |  [    166.526     147.194     -43.532     -22.281]
     8 |  1.631e+00 |  8.246e-02 |  [    166.298     147.026     -44.052     -22.818]
     9 |  2.601e-02 |  2.095e-05 |  [    166.265     146.999     -44.116     -22.882]
    10 |  6.719e-06 |  1.394e-12 |  [    166.265     146.998     -44.117     -22.883]
x optimal:  [1.66264775727e+02 1.46998198468e+02 -4.41172105023e+01 -2.28830191350e+01]
 S degree:  [  3.55271368e-15 -1.13686838e-13j   9.94759830e-14 +1.95399252e-13j]
eigen values of hessian at point x_opt:  [453.66150004159 252.88978420910 47.66727007380 15.86462804831]
e_min:  15.8646280483
