 iter   |   grad     |   value    |      M       |    e_min     |   time     |      x[0]    x[1]    x[2]    x[3]  | 
     0  | 6.833e+03  | 2.629e+05  |     0.30000  |   -30.49950  | +0.000000  | [110.000 110.000   0.000   0.000]  | 
        |            |            |     0.60000  |              |            |                                    | 
        |            |            |     1.20000  |              |            |                                    | 
        |            |            |     2.40000  |              |            |                                    | 
     1  | 1.166e+04  | 1.573e+05  |     1.20000  |   -22.54982  | +0.005000  | [180.915 115.361 -32.034   6.009]  | 
        |            |            |     2.40000  |              |            |                                    | 
     2  | 7.183e+02  | 6.171e+03  |     1.20000  |    21.20828  | +0.002000  | [175.850 157.851 -30.767  -8.841]  | 
        |            |            |     2.40000  |              |            |                                    | 
     3  | 2.296e+02  | 1.262e+03  |     1.20000  |    18.05744  | +0.005000  | [170.672 151.464 -36.760 -15.672]  | 
        |            |            |     2.40000  |              |            |                                    | 
     4  | 7.851e+01  | 1.726e+02  |     1.20000  |    16.65019  | +0.006000  | [167.907 148.531 -41.257 -20.080]  | 
        |            |            |     2.40000  |              |            |                                    | 
     5  | 1.729e+01  | 8.648e+00  |     1.20000  |    16.03949  | +0.004000  | [166.635 147.334 -43.470 -22.246]  | 
        |            |            |     2.40000  |              |            |                                    | 
     6  | 1.255e+00  | 4.582e-02  |     1.20000  |    15.87736  | +0.005000  | [166.292 147.023 -44.070 -22.836]  | 
        |            |            |     2.40000  |              |            |                                    | 
     7  | 7.663e-03  | 1.708e-06  |     1.20000  |    15.86471  | +0.004000  | [166.265 146.998 -44.117 -22.883]  | 
        |            |            |     2.40000  |              |            |                                    | 
     8  | 2.470e-07  | 1.726e-15  |     1.20000  |    15.86463  | +0.003000  | [166.265 146.998 -44.117 -22.883]  | 
        |            |            |     2.40000  |              |            |                                    | 
     9  | 8.114e-13  | 2.783e-27  |     1.20000  |    15.86463  | +0.002000  | [166.265 146.998 -44.117 -22.883]  | 




x optimal:                   [1.66264775727e+02 1.46998198468e+02 -4.41172105023e+01 -2.28830191350e+01]
S degree:                    [  1.06581410e-13 +0.00000000e+00j   4.26325641e-14 +6.75015599e-14j]
eigen vals, hessian(x_opt):  [4.53661500042e+02 2.52889784209e+02 4.76672700738e+01 1.58646280483e+01]
e_min:                       15.8646280483
total_time:                  0.0499999523163
