 iter   |   grad     |   value    |      M       |    e_min     |   time     |      x[0]    x[1]    x[2]    x[3]  | 
     0  | 5.288e+04  | 2.566e+03  |     0.11000  |    10.65273  | +0.000000  | [110.000 110.000   0.000   0.000]  | 
     1  | 1.132e+04  | 3.151e+02  |     0.11000  |    16.03654  | +0.005522  | [114.912 120.898   0.021   0.051]  | 
     2  | 5.747e+02  | 2.334e+00  |     0.11000  |    15.03400  | +0.002504  | [113.794 118.608   0.001   0.030]  | 
     3  | 5.850e+01  | 2.234e-03  |     0.11000  |    14.89089  | +0.002010  | [113.623 118.348  -0.001   0.029]  | 
     4  | 9.047e-01  | 1.715e-06  |     0.11000  |    14.88970  | +0.002013  | [113.622 118.344  -0.001   0.029]  | 
     5  | 4.996e-02  | 1.335e-09  |     0.11000  |    14.88958  | +0.002003  | [113.621 118.344  -0.001   0.029]  | 
     6  | 7.891e-04  | 1.052e-12  |     0.11000  |    14.88958  | +0.002504  | [113.621 118.344  -0.001   0.029]  | 
     7  | 4.385e-05  | 8.429e-16  |     0.11000  |    14.88958  | +0.001502  | [113.621 118.344  -0.001   0.029]  | 
     8  | 7.211e-07  | 6.900e-19  |     0.11000  |    14.88958  | +0.001503  | [113.621 118.344  -0.001   0.029]  | 
     9  | 3.985e-08  | 5.799e-22  |     0.11000  |    14.88958  | +0.001516  | [113.621 118.344  -0.001   0.029]  | 
    10  | 7.291e-10  | 5.939e-25  |     0.11000  |    14.88958  | +0.001503  | [113.621 118.344  -0.001   0.029]  | 
    11  | 3.236e-11  | 1.333e-26  |     0.11000  |    14.88958  | +0.001502  | [113.621 118.344  -0.001   0.029]  | 




x optimal:                   [1.13621478706e+02 1.18343577738e+02 -8.13166834289e-04 2.87203935469e-02]
S degree:                    [ 15.91159478 -8.24912749j -29.30529287+12.79103549j]
eigen vals, hessian(x_opt):  [2.72997558195e+06 1.97862326245e+05 1.48895783608e+01 2.05310046542e+02]
e_min:                       14.8895783608
total_time:                  0.04405474662780762
