 iter   |   grad     |   value    |      M       |    e_min     |   time     |      x[0]    x[1]    x[2]    x[3]  | 
     0  | 6.833e+03  | 2.629e+05  |     0.10000  |   -30.49950  | +0.000000  | [110.000 110.000   0.000   0.000]  | 
        |            |            |     0.20000  |              |            |                                    | 
        |            |            |     0.40000  |              |            |                                    | 
        |            |            |     0.80000  |              |            |                                    | 
        |            |            |     1.60000  |              |            |                                    | 
     1  | 6.301e+03  | 7.529e+04  |     1.60000  |   -17.80971  | +0.232000  | [170.099 112.152 -27.787   5.821]  | 
     2  | 5.627e+02  | 5.894e+03  |     1.60000  |    15.86600  | +0.040000  | [167.602 143.178 -29.377  -5.340]  | 
     3  | 2.172e+02  | 1.178e+03  |     1.60000  |    16.57090  | +0.039000  | [168.381 147.727 -36.447 -14.620]  | 
     4  | 7.648e+01  | 1.701e+02  |     1.60000  |    16.39324  | +0.038000  | [167.520 147.887 -41.134 -19.788]  | 
     5  | 1.911e+01  | 1.105e+01  |     1.60000  |    16.03409  | +0.041000  | [166.642 147.309 -43.364 -22.122]  | 
     6  | 1.917e+00  | 1.112e-01  |     1.60000  |    15.88310  | +0.040000  | [166.305 147.033 -44.042 -22.808]  | 
     7  | 2.355e-02  | 1.671e-05  |     1.60000  |    15.86486  | +0.038000  | [166.265 146.999 -44.116 -22.882]  | 
     8  | 3.634e-06  | 3.971e-13  |     1.60000  |    15.86463  | +0.039000  | [166.265 146.998 -44.117 -22.883]  | 
     9  | 9.145e-12  | 9.576e-26  |     1.60000  |    15.86463  | +0.039000  | [166.265 146.998 -44.117 -22.883]  | 




x optimal:                   [1.66264775727e+02 1.46998198468e+02 -4.41172105023e+01 -2.28830191350e+01]
S degree:                    [  1.38555833e-13 +3.41060513e-13j  -7.10542736e-14 -1.88293825e-13j]
eigen vals, hessian(x_opt):  [4.53661500042e+02 2.52889784209e+02 4.76672700738e+01 1.58646280483e+01]
e_min:                       15.8646280483
total_time:                  0.631999969482
