 iter   |   grad     |   value    |      M       |    e_min     |   time     |      x[0]    x[1]    x[2]    x[3]  | 
     0  | 6.833e+03  | 2.629e+05  |     0.10000  |   -30.48328  | +0.000000  | [110.000 110.000   0.000   0.000]  | 
     1  | 6.298e+03  | 7.527e+04  |     1.60000  |   -17.80194  | +0.016000  | [170.094 112.151 -27.786   5.819]  | 
     2  | 5.628e+02  | 5.895e+03  |     1.60000  |    15.86302  | +0.005000  | [167.599 143.172 -29.378  -5.341]  | 
     3  | 2.172e+02  | 1.178e+03  |     1.60000  |    16.57024  | +0.009000  | [168.380 147.725 -36.448 -14.621]  | 
     4  | 7.647e+01  | 1.701e+02  |     1.60000  |    16.39299  | +0.009000  | [167.519 147.886 -41.135 -19.789]  | 
     5  | 1.911e+01  | 1.104e+01  |     1.60000  |    16.03405  | +0.009000  | [166.642 147.309 -43.364 -22.122]  | 
     6  | 1.915e+00  | 1.110e-01  |     1.60000  |    15.88311  | +0.011000  | [166.305 147.033 -44.043 -22.809]  | 
     7  | 2.351e-02  | 1.666e-05  |     1.60000  |    15.86488  | +0.011000  | [166.265 146.999 -44.116 -22.882]  | 
     8  | 3.515e-06  | 3.612e-13  |     1.60000  |    15.86465  | +0.008000  | [166.265 146.998 -44.117 -22.883]  | 
     9  | 2.989e-11  | 1.977e-18  |     1.60000  |    15.86465  | +0.005000  | [166.265 146.998 -44.117 -22.883]  | 




x optimal:                   [1.66264775727e+02 1.46998198468e+02 -4.41172105023e+01 -2.28830191350e+01]
S degree:                    [ -7.58497265e-10 -1.07900178e-09j  -6.85851376e-10 -1.32006051e-09j]
eigen vals, hessian(x_opt):  [4.53661500040e+02 2.52889784208e+02 4.76672700735e+01 1.58646280482e+01]
e_min:                       15.8646280482
total_time:                  0.123999834061
