 iter   |   grad     |   value    |      M       |    e_min     |   time     |      x[0]    x[1]    x[2]    x[3]  | 
     0  | 5.288e+04  | 2.566e+03  |     0.11000  |    10.41342  | +0.000000  | [110.000 110.000   0.000   0.000]  | 
     1  | 2.345e+04  | 3.529e+02  |     0.11000  |    16.85033  | +0.000000  | [116.226 121.871   0.001   0.039]  | 
     2  | 1.837e+03  | 3.240e+00  |     0.11000  |    15.09884  | +0.000000  | [113.985 118.740  -0.001   0.030]  | 
     3  | 2.092e+01  | 5.820e-04  |     0.11000  |    14.82791  | +0.015624  | [113.627 118.349  -0.001   0.029]  | 
     4  | 3.539e-03  | 2.633e-11  |     0.11000  |    14.82367  | +0.000000  | [113.621 118.344  -0.001   0.029]  | 
     5  | 1.081e-09  | 2.813e-21  |     0.11000  |    14.82367  | +0.000000  | [113.621 118.344  -0.001   0.029]  | 
     6  | 1.795e-11  | 8.038e-26  |     0.11000  |    14.82367  | +0.000000  | [113.621 118.344  -0.001   0.029]  | 




x optimal:                   [1.13621478706e+02 1.18343577738e+02 -8.13166834289e-04 2.87203935469e-02]
S degree:                    [ 15.91159478 -8.24912749j -29.30529287+12.79103549j]
eigen vals, hessian(x_opt):  [-2.73046255356e+06 -1.99093920926e+05 1.49860073137e+01 2.08495993055e+02]
e_min:                       -2730462.55356
total_time:                  0.03125
